600.0       !temperature (K) uncertain
10000       !PKA energy (eV)
15          !Average number of displaced atoms per cascade (used for dpa calculation)
9           !number of cascades

16      !number of defects
10      !number of displaced atoms
0	0	1	0
-30.63639965	19.1881978	-21.6705011 I1      !unit: angstrom (=0.1nm)
0	0	3	0
-3.938232517	15.21736758	6.14100135 I3
0	0	1	0
-28.1614012	4.9457013	9.94800055 I1
0	0	2	0
8.867350175	-37.45380043	-6.60375155 I2
0	0	1	0
28.21960315	-19.49430115	8.44249975 I1
0	0	1	0
32.6691042	19.27070205	-15.83400095 I1
0	0	1	0
16.68909315	12.0741994	28.45049915 I1
0	2	0	0
-1.1318983	-24.5662997	-6.5735029 V2
0	1	0	0
-19.1884016	1.986202	-7.4440016 V1
0	1	0	0
-6.342401	3.3752019	-5.9079984 V1
0	1	0	0
-4.8124022	-9.5257991	-1.618997 V1
0	1	0	0
-1.8343976	7.5662038	-4.6199965 V1
0	1	0	0
-2.0573973	22.1002004	-4.7249998 V1
0	1	0	0
-16.2834029	4.7871969	1.3759981 V1
0	1	0	0
0.9665972	-0.8877986	-7.5420012 V1
0	1	0	0
2.4146028	6.2721974	14.5250002 V1

26
18
0	0	1	0
-52.9350009	-53.5510995	-8.2090896 I1
0	0	1	0
-27.1589999	-30.67060255	-5.34309235 I1
0	0	3	0
-23.81233165	-19.50993132	34.20190972 I3
0	0	2	0
7.3267503	5.500898625	4.67565885 I2
0	0	1	0		
17.4284978	8.3484023	4.5119111 I1
0	0	2	0
0.790251275	-5.397601825	14.00716178 I2
0	0	1	0		
5.7855001	-31.91009685	21.96241155 I1
0	0	1	0		
31.7544942	2.6009009	21.8634087 I1
0	0	1	0		
16.11100055	44.0704024	-48.5845903 I1
0	0	1	0		
26.04049735	34.12240435	-38.53109015 I1
0	0	2	0
31.18674903	19.0703986	-24.68283973 I2
0	0	1	0		
27.3129964	29.915396	-22.62308915 I1
0	0	1	0		
1.4445005	21.35390305	-11.24558865 I1
0	1	0	0
-10.1220011	1.0213988	0.4424073 V1
0	1	0	0
-10.0380015	-13.2315996	3.276407 V1
0	2	0	0		
-17.150001	-3.24810195	3.3789078 V2
0	1	0	0
-8.5760035	-3.1215989	1.8724076 V1
0	1	0	0
-19.9950022	-20.4405992	7.4834076 V1
0	3	0	0
-13.73633527	-9.615266533	6.135408033 V3
0	2	0	0		
-9.82349725	4.1189025	7.56191025 V2
0	2	0	0		
-25.6550021	-17.4670999	20.55691305 V2
0	1	0	0
11.6170049	5.1613982	-12.6225914 V1
0	1	0	0
12.884995	9.6993926	-8.5655884 V1
0	1	0	0
31.6629949	31.066397	-47.0355895 V1
0	1	0	0
25.884995	25.2843994	-38.2665886 V1
0	1	0	0
7.2409978	18.4043944	3.2004105 V1

19
14
0	0	1	0		
-1.6580983	-17.9236999	-47.3887086 I1
0	0	2	0
-21.05784995	4.56979985	-24.9354596 I2
0	0	1	0		
-14.5460988	-10.69619895	-22.90720985 I1
0	0	5	0
-23.54409908	-8.67409891	9.5772895 I5
0	0	1	0		
6.97739975	2.36880345	7.5552917 I1
0	0	1	0		
20.03089715	6.6627984	11.5637908 I1
0	0	1	0		
24.1764049	5.05679935	33.2677932 I1
0	0	1	0		
37.2884044	23.8152947	-2.68670885 I1
0	0	1	0		
60.2089061	26.661303	40.3862854 I1
0	1	0	0
-10.2266026	-3.5241981	-18.4867082 V1
0	5	0	0
-5.64140056	2.16359948	-17.98491064 V5
0	1	0	0
-15.8816014	-3.6061988	15.7552886 V1
0	1	0	0
5.5353984	0.8017983	-11.3497071 V1
0	1	0	0
16.9493999	0.7928033	3.0632873 V1
0	1	0	0
34.0274028	6.5917992	5.9622893 V1
0	1	0	0
12.7443981	-6.2972007	10.3412872 V1
0	1	0	0
8.4354	-4.8411994	14.5502868 V1
0	1	0	0
19.9524059	-5.0091987	17.2112899 V1
0	1	0	0
11.3884029	0.8447976	17.2652908 V1

20
17
0	0	1	0		
-9.42571845	-30.89529735	-44.0874886 I1
0	0	1	0		
15.0937823	4.8522002	-25.5534863 I1
0	0	1	0		
-19.4207212	-6.4328034	-13.9509892 I1
0	0	5	0
-15.92621973	12.49060127	1.49641148 I5
0	0	1	0		
-13.70872325	8.0841987	0.21300845 I1
0	0	1	0		
-10.65921995	7.8927009	3.20251045 I1
0	0	4	0
-3.426470925	-1.390173225	8.846634438 I4
0	0	1	0		
6.4582804	7.7697036	20.4265094 I1
0	0	1	0		
25.1992815	-28.05179905	4.67601355 I1
0	0	1	0		
19.47177675	3.6376998	24.51000935 I1
0	2	0	0		
16.52227955	-7.82530145	-13.96599235 V2
0	1	0	0
-97.64522	-117.2238	-75.9027125 V1
0	7	0	0
12.30435191	-3.133799286	-2.920775671 V7
0	1	0	0
15.0967768	2.0472037	-5.4494862 V1
0	1	0	0
13.6587809	-13.5698006	-3.9924931 V1
0	1	0	0
-13.407221	-12.2147973	3.1615062 V1
0	1	0	0
4.8787821	3.726197	4.595512 V1
0	1	0	0
2.0467814	15.055207	7.54351 V1
0	1	0	0
13.5297831	3.7541968	10.3365093 V1
0	1	0	0
-10.7512228	7.875199	17.3765102 V1

27
16
0	0	1	0		
6.3853031	10.4755977	-31.1737306 I1
0	0	1	0		
0.8213001	24.8691029	-16.6752298 I1
0	0	2	0
-25.94745105	-2.03139845	-4.2799794 I2
0	0	1	0		
-13.7537006	-12.5078999	12.1822684 I1
0	0	1	0		
-20.7211994	20.49310335	21.88777 I1
0	0	1	0		
7.9642979	29.1110996	-35.41322875 I1
0	0	1	0		
-39.4976982	27.60660585	-11.10822845 I1
0	0	1	0		
-25.05320015	27.6846012	3.5242713 I1
0	0	2	0
12.73629915	-30.4466511	-2.841979725 I2
0	0	1	0		
17.94129905	-47.1789013	17.8547728 I1
0	0	2	0
19.41554988	-26.94364893	42.24952153 I2
0	0	1	0		
18.0143009	-3.95989955	-19.5622308 I1
0	0	1	0		
30.8493	8.9175991	-0.89673015 I1
0	1	0	0
3.5287968	-21.3433987	14.7032683 V1
0	1	0	0
1.9808003	-8.4084011	-20.9617326 V1
0	3	0	0
1.2448002	17.6092711	-7.599730533 V3
0	1	0	0
-22.2701992	4.650597	-8.0367296 V1
0	1	0	0
-0.7431988	11.7556003	-6.6337297 V1
0	1	0	0
-6.3301968	17.5645984	-3.7717302 V1
0	1	0	0
10.7298008	-19.7414013	-0.8917329 V1
0	1	0	0
-9.3561977	11.8955998	1.8702681 V1
0	1	0	0
2.0778004	-14.0533978	4.9092696 V1
0	1	0	0
6.3887974	15.9876026	3.4312728 V1
0	1	0	0
-0.9072002	26.1205982	1.9452727 V1
0	1	0	0
1.9528004	-8.474403	10.6002716 V1
0	1	0	0
4.9328037	32.0546039	-18.3347336 V1
0	1	0	0
13.562801	-34.1734004	22.2202666 V1

26
15
0	0	1	0		
-17.1550012	-41.3297022	3.20742965 I1
0	0	2	0
-36.57074978	-10.44195163	5.534929075 I2
0	0	1	0		
-34.48250055	-1.05520045	12.0474298 I1
0	0	1	0		
-4.1215005	-10.9582003	-24.03607005 I1
0	0	1	0		
23.00900025	-3.94970115	-11.13206695 I1
0	0	1	0		
-4.3345018	6.19780175	-3.88656825 I1
0	0	1	0		
30.17750305	8.8877965	1.7724321 I1
0	0	2	0
35.20399995	9.55854625	16.91517998 I2
0	0	1	0		
-11.35450225	-21.2171992	29.1419313 I1
0	0	1	0		
26.00499485	21.8697988	-25.38556885 I1
0	0	1	0		
21.56099455	26.33279625	-12.4800703 I1
0	0	1	0		
-4.40650035	37.5172979	13.21993045 I1
0	0	1	0		
55.96700045	11.75830285	-3.79306625 I1
0	1	0	0
-31.4200006	-12.4892024	-25.5460723 V1
0	1	0	0
-18.5799966	-28.3281992	-9.56407 V1
0	1	0	0
-37.3910013	-24.1992014	-11.0980666 V1
0	1	0	0
-22.8870035	-24.0042018	-5.2140715 V1
0	1	0	0
-27.2240015	-22.6592005	-3.977072 V1
0	1	0	0
-15.757998	-14.1182002	-4.0520689 V1
0	2	0	0		
-23.7219987	-0.3521975	-1.7520697 V2
0	1	0	0
-20.0570016	4.5667974	-5.3910735 V1
0	1	0	0
-21.5590005	-11.2842005	-0.9100706 V1
0	1	0	0
-22.8920007	10.4107992	6.1949328 V1
0	1	0	0
18.6600012	11.6477987	-1.1210692 V1
0	1	0	0
-1.3920007	17.3808004	7.6389329 V1
0	2	0	0		
45.84150455	14.60329645	4.6959283 V2

23
12
0	0	1	0		
-19.79790145	20.03910525	-29.46527935 I1
0	0	1	0		
-22.64789985	5.69960095	-15.2982795 I1
0	0	1	0		
-10.9729007	-2.7738983	-9.45077965 I1
0	0	2	0
-11.11065125	4.316351675	9.223719875 I2
0	0	1	0		
-26.8888972	33.10860135	12.14422155 I1
0	0	1	0		
-19.66239955	37.35809785	45.1337197 I1
0	0	1	0		
39.1331022	-41.66540075	-5.30878135 I1
0	0	1	0		
46.4726026	-11.5619003	-29.63228295 I1
0	0	1	0		
-8.32340265	-20.119899	-20.94678185 I1
0	0	1	0		
14.71309635	-3.00739975	-6.5037811 I1
0	0	1	0		
23.3520963	-20.14339755	1.9912217 I1
0	1	0	0
-19.8094027	-11.5654023	-26.8637778 V1
0	1	0	0
-12.5533984	18.393605	20.8632195 V1
0	1	0	0
-27.1984027	4.2216004	23.6102212 V1
0	1	0	0
40.4345929	-20.1833984	-15.1947791 V1
0	1	0	0
27.6586072	-13.0983994	-7.8887794 V1
0	1	0	0
-4.0084002	-1.5544007	-2.2037818 V1
0	1	0	0
-2.5044024	-5.8054	-0.6207816 V1
0	1	0	0
0.3395993	-3.019397	7.6322167 V1
0	1	0	0
17.6516034	-11.3653977	10.555221 V1
0	1	0	0
-6.8134005	10.0356033	20.7582238 V1
0	1	0	0
3.0416028	17.1935928	22.0192178 V1
0	1	0	0
-2.5513995	5.6135986	25.1122201 V1

30
18
0	0	1	0		
-35.80869825	-8.33319855	-38.9676032 I1
0	0	1	0		
-28.65120085	7.4938011	-20.1171012 I1
0	0	1	0		
-32.9251991	6.19230265	21.52289815 I1
0	0	1	0		
-31.6237007	16.0762977	2.83239985 I1
0	0	1	0		
-12.95269925	-13.7252007	-47.5095992 I1
0	0	1	0		
-20.22269965	-21.17670065	-34.82710025 I1
0	0	1	0		
-20.1507011	-6.7652016	-34.62909845 I1
0	0	1	0		
18.71530005	-8.2587014	-4.3760963 I1
0	0	2	0
26.7175469	-1.952949575	23.94014598 I2
0	0	4	0
31.23492665	-5.628949213	47.74777651 I4
0	0	1	0		
-15.901197	14.60730355	-32.97959655 I1
0	0	1	0		
12.99380345	14.76079935	-21.5491004 I1
0	0	1	0		
-2.8346954	41.9552955	-11.5170989 I1
0	0	1	0		
18.76529545	23.26679605	30.2253976 I1
0	1	0	0
-35.7606978	-25.2636986	-67.3125968 V1
0	1	0	0
-33.0037017	-19.8616982	-55.997602 V1
0	1	0	0
-21.5707031	-13.929699	-44.5116019 V1
0	1	0	0
-18.7986998	0.3293037	-27.3395972 V1
0	1	0	0
-12.9637008	-5.3726998	-24.5526023 V1
0	1	0	0
-14.5926987	1.8743018	-8.7756019 V1
0	1	0	0
-5.8047042	4.6212959	-3.0405936 V1
0	1	0	0
-5.8977066	7.5943031	-0.2175956 V1
0	1	0	0
-18.718698	-5.4957009	3.9703927 V1
0	1	0	0
2.7153	-6.9156991	5.7123971 V1
0	1	0	0
12.8583054	-5.3866997	6.8823953 V1
0	1	0	0
-5.7946944	-9.6526986	11.4524026 V1
0	3	0	0
16.28730123	-1.002033333	13.27973413 V3
0	1	0	0
18.6293015	3.3242988	12.7394052 V1
0	1	0	0
17.1632981	-0.9947015	25.740397 V1
0	1	0	0
17.119307	-1.2057	31.4504037 V1

26
15
0	0	1	0		
-27.9887999	-5.51259955	-61.68200085 I1
0	0	1	0		
-6.6388014	-27.0601002	-17.14050075 I1
0	0	1	0		
-9.2157973	7.37639655	-17.13450015 I1
0	0	1	0		
-15.1883009	-4.1190983	-5.60399785 I1
0	0	1	0		
-33.87630065	26.3599018	-29.90350125 I1
0	0	1	0		
-2.31380065	-19.8665997	-6.9929978 I1
0	0	1	0		
10.7887003	-0.564098	-0.1055009 I1
0	0	4	0
7.304450188	0.9157747	3.645626338 I4
0	0	1	0		
0.6987001	-2.59360085	56.23899675 I1
0	0	1	0		
16.5427057	-0.99060025	54.81950215 I1
0	0	1	0		
5.0527002	21.8948978	-8.4100015 I1
0	0	1	0		
13.433201	24.6263966	34.8244994 I1
0	2	0	0		
-15.14580135	-21.1506001	-61.4950006 V2
0	1	0	0
-5.1387976	-8.4535976	-35.777498 V1
0	1	0	0
-5.1298026	-2.6686016	-32.9535005 V1
0	1	0	0
-0.9218024	-4.0316006	-22.7715012 V1
0	1	0	0
9.1611978	0.2724003	-1.5835054 V1
0	1	0	0
4.9582025	-9.7076031	11.5555022 V1
0	1	0	0
10.6882059	7.4873966	17.3364928 V1
0	1	0	0
-0.8747977	-9.8555981	20.1565002 V1
0	1	0	0
0.4001962	-5.6396023	21.8084929 V1
0	1	0	0
7.7072031	4.5373996	23.1855072 V1
0	1	0	0
9.2281992	8.9674076	24.3515074 V1
0	1	0	0
16.3922006	10.1994022	22.9774993 V1
0	1	0	0
7.8192026	-9.7745968	31.8544982 V1
0	1	0	0
14.9792062	14.5424046	15.8654998 V1


