! T=600 K,  Epka=25 keV, one dislocation loop
37.75

8

50
40
0	0	1	0
-29.41419995	9.0654014	-50.82118995	I1
0	0	5	0
-29.64490061	-2.42480018	15.93121065 	I5
0	0	1	0		
-42.60969935	21.92590175	17.05581085	I1
0	0	1	0		
-54.11470045	24.95689995	19.6823101	I1
0	0	1	0		
-42.6101991	-3.92010275	34.208311	I1
0	0	1	0		
-48.1536981	-12.57260285	37.2023105	I1
0	0	1	0		
-59.49019635	56.31090385	-66.59169015	I1
0	0	1	0		
-47.04270185	52.092398	-44.8051911	I1
0	0	3	0
-58.76236737	37.25723362	-20.53585628	I3
0	0	1	0		
-32.5422021	49.14089805	12.49330705	I1
0	0	1	0		
-21.0491983	0.35439905	-33.30068975	I1
0	0	1	0		
-15.11520015	23.4843963	-36.15419005	I1
0	0	1	0		
6.31879795	7.79540095	8.1378078	I1
0	0	1	0		
-25.3386995	42.06539755	-66.40268995	I1
0	0	1	0		
-16.5887033	41.95090325	-37.6701909	I1
0	0	1	0		
-19.6497003	45.04990225	-3.0366879	I1
0	0	1	0		
-18.13620005	26.4634002	15.63331025		I1	
0	0	2	0		
37.96955098	-42.55259863	6.718061375	I2
0	0	1	0		
38.1842993	-52.79310005	45.440813	I1
0	0	1	0		
17.71879945	7.44990005	2.66080665	I1
0	0	1	0		
15.10830295	-9.72009815	22.5358104	I1
0	0	1	0		
14.97980105	-6.97309655	25.5813083	I1
0	0	1	0		
78.0303	-50.35710115	-12.11269195	I1
0	0	7	0
62.6395159	-27.21460011	-0.806761386	I7
0	0	1	0		
63.9523047	-47.09009715	5.56781195	I1
0	0	1	0		
68.09579835	-25.506601	10.20731155	I1
0	0	1	0		
63.9212989	-38.48010035	54.2283115	I1
0	1	0	0
-31.1786996	16.0608962	-23.2091885  V1
0	1	0	0
-31.0396997	19.0958999	-14.8031903  V1
0	3	0	0
-41.11369973	11.75056553	-13.22219153  V3
0	1	0	0
-36.7597009	-1.1951005	-9.1051922  V1
0	12	0	0
-32.63261553	15.8767322	-8.703689  V12
0	1	0	0
-36.5696984	24.7268966	-6.1601925  V1
0	1	0	0
-30.9426995	4.6238998	2.3878116  V1
0	1	0	0
-33.8297006	-6.8410966	5.3598117  V1
0	1	0	0
-46.7126962	49.1108993	-53.4341908  V1
0	1	0	0
-45.4286996	56.2978958	-51.9281902  V1
0	1	0	0
-49.5416986	43.3128951	-44.9561902  V1
0	1	0	0
-35.2137033	29.0919021	0.9798068  V1
0	1	0	0
22.1372947	-22.7400986	9.3588123  V1
0	1	0	0
36.5743063	-22.6170975	12.3188113   V1
0	1	0	0
33.5642966	-28.4360978	15.3108081  V1
0	3	0	0	
40.19596473	-23.50676637	20.25247887  V3
0	1	0	0
26.5263022	-18.2621018	31.178812  V1
0	1	0	0
61.0702933	-32.7771012	16.7608127  V1
0	1	0	0
62.2282981	-37.0131013	24.0608082  V1
0	1	0	0
55.3272971	-32.5571	31.4348087  V1
0	2	0	0		
59.35779945	-33.9990975	31.28030965  V2
0	2	0	0		
65.11380375	-32.7066018	32.8618106  V2
0	1	0	0
56.478298	-31.1921021	38.3598117  V1

32
25
0	0	2	0
-52.28193641	20.6017751	-2.503825436	I2
0	0	2	0
-49.17343691	10.8402776	20.66242286	I2
0	0	1	0		
-32.81418781	-0.028969854	43.03867219	I1
0	0	1	0		
-16.88818716	4.165526296	-1.444825411	I1
0	0	2	0	
-17.72868516	7.797022746	6.342423189	I2
0	0	1	0		
-26.75818611	31.5870275	14.21567414	I1
0	0	2	0	
-46.31493736	26.31077857	20.37292169	I2
0	0	5	0
14.73841344	-8.416572044	-5.624625851	I5
0	0	1	0		
7.506313545	-14.49697595	5.635672289	I1
0	0	1	0		
7.817814145	-34.5159732	8.331171739	I1
0	0	1	0		
2.014312995	-11.63147075	46.11917759	I1
0	0	2	0
8.67931197	4.807276671	-10.73607951	I2
0	0	1	0		
-2.351688105	18.6465215	1.218172739	I1
0	0	2	0
55.97556329	-20.77422435	-33.84632614	I2
0	0	1	0		
36.59231204	25.89652915	-14.61132931	I1
0	1	0	0
-55.65118771	40.1310338	20.05217619	V1
0	1	0	0
-55.61418701	48.6410283	14.19317509	V1
0	1	0	0
-16.65818761	27.3900213	1.258169889	V1
0	1	0	0
-15.45218641	22.8910283	2.695173989	V1
0	2	0	0		
-38.27718711	38.77352805	5.456671439	V2
0	1	0	0
-38.23018621	42.9210271	8.555174589	V1
0	1	0	0
-41.14118551	51.5800237	20.00117369	V1
0	1	0	0
17.94081139	-33.1039744	-27.47282531	V1
0	2	0	0		
37.80181529	-20.18247325	-23.17732746	V2
0	1	0	0
33.53581259	-11.5809718	-20.15883001	V1
0	1	0	0
40.60181449	-21.4659739	-18.78082401	V1
0	1	0	0
45.02381919	-37.463975	-14.63282901	V1
0	6	0	0
35.57781369	-27.55780765	-11.34199268	V6
0	1	0	0
29.27181269	-33.0729762	-7.335824211	V1
0	1	0	0
34.74781059	-33.0809718	-7.215829211	V1
0	2	0	0		
40.68581409	-31.57397175	-5.836324011	V2
0	1	0	0
33.49281339	-25.8829737	-5.916825611	V1

56
39
0	0	1	0		
-74.90276222	-26.00591368	-16.79736508	I1
0	0	1	0		
-40.50125962	-17.41091248	-51.49486718	I1
0	0	1	0		
-38.86826017	-44.64791198	-50.01236523	I1
0	0	1	0		
-39.07226252	-10.34941573	-41.25486933	I1
0	0	4	0
-50.44801074	-13.07954303	-28.58999431	I4
0	0	2	0
-64.2507618	35.2143355	-30.68236721	I2
0	0	1	0		
-54.72476082	8.591082675	-8.324872882	I1
0	0	1	0		
-57.76076007	43.04858697	0.173631818	I1
0	0	1	0		
-5.836262475	-17.35291378	-82.85686673	I1
0	0	1	0		
-0.126259625	-40.34541403	-62.94136603	I1
0	0	1	0		
-17.43475797	-5.727414075	-45.75936688	I1
0	0	1	0		
-23.03076247	-25.91391463	-39.92436778	I1
0	0	1	0		
-10.04876022	-13.09691328	-21.39736738	I1
0	0	2	0
3.581738675	-20.97066588	-19.20886791	I2
0	0	1	0		
-0.031761875	5.677584775	-77.26687038	I1
0	0	1	0		
6.945739025	-13.18941208	-21.42336833	I1
0	0	1	0		
34.24973988	-8.790417575	-8.101865682	I1
0	0	1	0		
8.536238875	-14.44391343	20.43013202	I1
0	0	3	0
28.11774116	-9.180081275	27.48313597	I3
0	0	1	0		
17.31423873	-3.207409775	-8.588369232	I1
0	0	2	0
19.97248578	11.3230849	44.83413134	I2
0	0	2	0
42.3072426	-2.2944154	68.46613512	I2
0	0	2	0
40.75899048	32.17808442	69.93938267	I2
0	0	3	0
65.25490494	14.78825162	33.27346493	I3
0	0	2	0
47.98874213	14.87233645	69.98987779	I2
0	0	1	0		
45.80074233	46.13658437	80.63263147	I1
0	1	0	0
-37.56876452	-14.57591718	-36.89736738	V1
0	2	0	0		
-54.58176112	-5.940915075	-32.79486643	V2
0	1	0	0
-64.84976272	-7.113911475	-18.45936388	V1
0	1	0	0
-56.19876172	6.985087525	-29.83236488	V1
0	1	0	0
-63.32576062	19.95308972	-31.22936808	V1
0	1	0	0
-54.59875942	0.011088525	-25.42136948	V1
0	1	0	0
-61.94276122	4.151087825	-24.31836498	V1
0	1	0	0
-50.56576232	4.247080825	-24.10836588	V1
0	1	0	0
-67.71476062	12.75208572	-18.41536508	V1
0	1	0	0
-61.93376232	15.79008012	-21.23937028	V1
0	1	0	0
-63.42575912	22.94909192	-16.92836558	V1
0	1	0	0
2.800238775	-31.75391858	-68.74736578	V1
0	1	0	0
2.698241475	-22.89191148	-62.95536598	V1
0	1	0	0
-0.137764725	-28.90791788	-54.33736978	V1
0	1	0	0
-1.458763925	-21.66591348	-50.02636518	V1
0	1	0	0
-13.16776352	-30.28691568	-35.66937058	V1
0	1	0	0
-1.713761025	-15.85091108	-29.94036658	V1
0	1	0	0
-1.584763325	-7.231907775	-6.767362382	V1
0	1	0	0
8.507239575	-31.62691208	-65.66937058	V1
0	1	0	0
6.995238475	-27.44091508	-67.26336468	V1
0	1	0	0
6.976241275	-27.34491438	-47.16536508	V1
0	1	0	0
14.12423628	-20.12191468	-13.93536178	V1
0	1	0	0
5.628241775	-11.55591288	-11.31036178	V1
0	1	0	0
34.42724528	5.673091025	46.37362872	V1
0	1	0	0
42.89123458	20.05408772	46.29863182	V1
0	1	0	0
29.99323958	9.910090525	47.65562642	V1
0	9	0	0
43.57290575	19.02319545	50.99374422	V9
0	1	0	0
41.40223618	27.30408772	50.58763322	V1
0	1	0	0
55.91624378	27.26108842	44.93362632	V1
0	1	0	0
45.73324508	25.75408462	52.07663162	V1

45
48
0	0	1	0		
-29.53804344	-36.40648497	10.14680502	I1
0	0	1	0		
-30.99054284	10.84201583	-54.37569408	I1
0	0	1	0		
-41.29354039	-19.63148727	27.67980592	I1
0	0	1	0		
-36.80354259	33.91750878	-62.85419443	I1
0	0	1	0		
-32.65104234	29.67452013	10.60630437	I1
0	0	1	0		
-2.42404119	-41.01848452	32.22230547	I1
0	0	3	0
-11.63820974	-41.40248718	36.63863902	I3
0	0	1	0		
-16.83854239	-46.22148742	83.95631047	I1
0	0	1	0		
-3.80453819	-42.48048627	96.93730567	I1
0	0	3	0
-14.59287336	24.8090162	-34.63852859	I3
0	0	1	0		
-8.80770694	23.95034817	-34.63136144	I1
0	0	1	0		
-20.93904059	15.42501603	-15.35019663	I1
0	0	1	0		
-21.11654224	-13.59748687	1.902805522	I1
0	0	6	0
1.302208477	-7.411402749	6.778972206	I6
0	0	1	0		
-2.76854274	-14.91598742	52.09180847	I1
0	0	1	0		
-9.66604184	-19.35848467	68.36180522	I1
0	0	10	0
-11.56899132	31.74371339	-58.59269493	I10
0	0	1	0		
32.07645846	-23.71298832	6.177803222	I1
0	0	1	0		
11.94945961	-26.48798597	11.98280737	I1
0	0	1	0		
13.39896066	-51.08898392	22.03880712	I1
0	0	6	0
30.55062666	-24.65665282	24.84705565	I6
0	0	1	0		
46.38545661	-12.13298647	23.71330667	I1
0	0	1	0		
14.81045971	31.03451308	-8.202197828	I1
0	0	1	0		
85.26395846	-25.05548707	7.550808122	I1
0	0	1	0		
65.09345681	-21.99448237	16.12830757	I1
0	1	0	0
4.88995796	-39.27848277	10.57380317	V1
0	2	0	0		
-18.25454279	-32.15298692	20.42480492	V2
0	3	0	0
-14.79204381	-29.28715233	53.94347531	V3
0	1	0	0
-9.48903984	-30.59348527	56.50980017	V1
0	1	0	0
-3.75004144	-10.71748587	-18.29619193	V1
0	23	0	0
-0.653563766	14.81742597	0.518631364	V23
0	1	0	0
3.08395816	16.75451433	14.90280557	V1
0	1	0	0
-2.38003864	2.264516434	17.64980717	V1
0	1	0	0
-9.65104244	44.00851213	-64.37119463	V1
0	1	0	0
-5.34004544	25.25752023	-22.52219753	V1
0	1	0	0
-5.47204154	33.86350783	-16.72119503	V1
0	1	0	0
-0.84504264	26.64851153	-12.50319273	V1
0	1	0	0
4.80995606	43.91851583	-9.848193928	V1
0	3	0	0	
-2.93404464	27.6245146	-7.796194494	V3
0	1	0	0
3.06496096	31.08451613	-2.300197428	V1
0	1	0	0
6.10796026	30.94851453	0.470806372	V1
0	1	0	0
0.35395486	22.52351153	23.39880777	V1
0	2	0	0		
24.80795721	-29.31298297	3.292305222	V2
0	1	0	0
9.08595706	-37.82248907	9.134807772	V1
0	1	0	0
20.34396036	-15.09048687	8.987804672	V1

69
43
0	0	1	0		
-49.1771849	-66.45955218	31.4083166	I1
0	0	1	0		
-53.7241858	-70.51104683	55.9303198	I1
0	0	1	0		
-51.02268585	-47.71005203	84.51331235	I1
0	0	1	0		
-34.7876853	-54.73704858	14.1513167	I1
0	0	2	0
-31.23943888	-48.4380507	22.19806578	I2
0	0	1	0		
-32.14168535	-60.65204953	25.67731385	I1
0	0	1	0		
-19.2141837	-76.47604888	67.5678168	I1
0	0	2	0
-32.17668523	-60.5957999	90.46306138	I2
0	0	1	0		
-37.97418585	-49.05004828	94.435813	I1
0	0	3	0
-13.36618665	-26.83188325	-23.7001848	I3
0	0	1	0		
-27.3081893	-39.05755183	38.47181615	I1
0	0	3	0
-39.2373529	-43.04771501	60.64131584	I3
0	0	1	0		
-3.321185954	-78.01154853	71.5543127	I1
0	0	1	0		
-3.435684104	-17.75754878	-37.73968595	I1
0	0	1	0		
8.262817496	-29.15505168	-20.43668455	I1
0	0	1	0		
21.0588151	6.746948721	-59.07018755	I1
0	0	1	0		
28.34031695	45.72044422	-51.8621874	I1
0	0	2	0
5.944065221	10.31420187	-38.3156881	I2
0	0	3	0
26.94597891	41.23011829	-39.8465204	I3
0	0	1	0		
23.99381265	26.84095052	-33.25418565	I1
0	0	1	0		
15.5198213	50.03544667	-73.5116872	I1
0	0	1	0		
19.87281045	74.39195297	-37.3896875	I1
0	0	1	0		
6.843811196	78.54245047	-15.9231882	I1
0	0	1	0		
27.2183153	91.93594412	1.765311303	I1
0	0	1	0		
9.595810046	81.38794757	15.8203116	I1
0	0	1	0		
49.90381635	15.50795037	-61.93368625	I1
0	0	1	0		
49.7173158	18.13444572	-33.5026865	I1
0	0	2	0
32.7490617	32.72169927	-11.65818685	I2
0	0	1	0		
61.5583192	70.06244712	-59.02318665	I1
0	0	1	0		
57.20181285	68.63095142	-20.36318295	I1
0	0	3	0
42.83097851	79.93478187	-0.197852747	I3
0	2	0	0		
-46.37518675	-53.64705228	50.0953131	V2
0	1	0	0
-47.8041839	-47.86955213	58.72181605	V1
0	1	0	0
-52.3741835	-63.61855263	68.77781585	V1
0	1	0	0
-48.0591887	-62.22754613	67.42780975	V1
0	1	0	0
-53.5461882	-73.44755123	70.04281525	V1
0	1	0	0
-27.7171859	-47.67655133	1.284811953	V1
0	1	0	0
-35.0101851	-55.04054973	34.24281215	V1
0	1	0	0
-34.8741836	-72.10655163	45.65481475	V1
0	1	0	0
-40.6161879	-52.38655043	54.33080965	V1
0	1	0	0
-43.6991881	-60.74655103	65.88181975	V1
0	1	0	0
-29.2951888	-54.89354653	77.27680875	V1
0	1	0	0
-19.3741835	-53.42355293	84.33480745	V1
0	1	0	0
-27.5511855	-13.47055003	-38.90218445	V1
0	1	0	0
-21.9081878	-16.21054793	-36.06518645	V1
0	2	0	0		
-16.1116866	-14.85004758	-34.79518605	V2
0	1	0	0
-11.9691848	-6.026549829	-26.05618385	V1
0	1	0	0
-30.8961866	-39.14555313	4.112814953	V1
0	1	0	0
-43.526184	-43.54354803	42.64482025	V1
0	1	0	0
0.864814896	-16.28855083	-44.66518495	V1
0	1	0	0
6.676811296	-10.40654703	-39.08618245	V1
0	1	0	0
11.2108079	-6.098556029	-40.46118255	V1
0	2	0	0		
5.197815046	-4.579551179	-37.51818555	V2
0	2	0	0		
28.2173082	42.78694967	-59.0751867	V2
0	1	0	0
22.4468156	37.06045577	-57.46618745	V1
0	1	0	0
26.8218156	32.66745047	-47.39518835	V1
0	1	0	0
28.1988145	31.11044357	-40.48918245	V1
0	1	0	0
29.589821	44.12544297	-33.04718865	V1
0	1	0	0
29.763817	52.75245727	-41.86818785	V1
0	1	0	0
28.2278214	48.39744617	-40.37218565	V1
0	1	0	0
29.760811	52.63044787	-24.66318605	V1
0	1	0	0
26.8668138	67.15245107	-13.21918575	V1
0	1	0	0
19.7448198	59.99844407	-11.61018465	V1
0	1	0	0
28.3658067	57.04144337	-8.593186347	V1
0	1	0	0
33.8908159	36.89344837	-57.57318585	V1
0	1	0	0
32.4718095	35.50044297	-30.27018835	V1
0	1	0	0
39.6838151	34.09245347	-28.89818665	V1
0	1	0	0
31.2168199	39.88945057	-20.33018585	V1
0	2	0	0		
31.22581495	52.72695212	-28.90868855	V2

40
40
0	0	1	0			
-37.81336516	-0.521093299	-57.48894018	I1
0	0	1	0			
-17.72436831	42.67290695	-51.59194083	I1
0	0	1	0			
-23.29036641	68.7744084	-37.38944143	I1
0	0	1	0			
-16.27836911	72.76140795	-24.33743948	I1
0	0	1	0			
13.86463624	-37.8660945	37.62905987	I1
0	0	1	0			
11.08113554	-34.89859195	37.60205942	I1
0	0	5	0	
15.48313141	-37.21439087	43.28245799	I5
0	0	1	0			
16.80813294	-32.2055911	40.57005412	I1
0	0	2	0		
9.474884768	-39.27659217	43.2050601	I2
0	0	15	0	
2.284265913	-9.963824533	-3.76217474	I15
0	0	1	0			
8.256634493	-11.9330921	-0.099444327	I1
0	0	2	0	
4.533383193	-17.0780925	16.5260592	I2
0	0	1	0			
2.400635543	-12.054594	43.29206187	I1
0	0	1	0			
5.243130493	-3.365095049	46.24755957	I1
0	0	1	0			
39.83413389	-3.376092849	46.08905892	I1
0	0	1	0			
15.30113679	0.952909501	53.39455517	I1
0	0	2	0		
-0.544118132	45.57641033	-35.99844258	I2
0	0	1	0			
32.62213594	26.98540695	-1.273440327	I1
0	0	1	0			
-0.377867907	85.8239079	-45.93744173	I1
0	1	0	0
-20.46436616	-12.0000896	-43.03194328	V1
0	1	0	0
-19.06236576	-7.641088399	-35.74094288	V1
0	1	0	0
-32.01936646	10.9839116	-28.60094348	V1
0	1	0	0
-24.84336396	3.877908801	-27.36194508	V1
0	1	0	0
-23.25136876	19.6339131	-25.68894098	V1
0	16	0	0
-10.25149126	17.21197135	-20.90494196	V16
0	3	0	0
-9.929365057	6.188239467	-18.07327678	V3
0	1	0	0
-23.38236546	16.655901	-17.10194298	V1
0	2	0	0		
-13.91686936	26.14890485	-30.84394353	V2
0	1	0	0
-18.82836456	64.1889058	-27.22193808	V1
0	1	0	0
-6.225367757	-29.0690898	5.694054623	V1
0	1	0	0
5.432629343	-29.129095	26.08006392	V1
0	1	0	0
15.30463864	-36.3720912	38.90506082	V1
0	1	0	0
-0.227366657	-31.992094	45.94505412	V1
0	1	0	0
-10.41537016	0.945909501	-15.57894038	V1
0	1	0	0
5.375637843	11.0689106	-14.28194328	V1
0	1	0	0
-0.672366357	-12.1220912	-5.888945477	V1
0	1	0	0
3.879635643	18.185915	-4.412939977	V1
0	1	0	0
16.58063964	-23.289091	37.44406232	V1
0	1	0	0
-7.592364557	23.9889088	-18.59393978	V1
0	2	0	0		
-7.506865707	28.25040635	-14.23944373	V1

41
38
0	0	1	0			
-61.17110025	35.8084966	-22.60240205	I1
0	0	1	0			
-25.37510075	-8.67200265	-38.4579014	I1
0	0	14	0	
-9.194451619	5.759461078	-9.793750833	I14
0	0	3	0	
2.44659882	-22.9975001	8.64870036	I3
0	0	2	0	
-6.621598825	-37.43124948	27.76485028	I2
0	0	1	0			
-5.1746002	-34.5114993	24.74660075	I1
0	0	1	0			
-2.30009995	34.50350395	-55.74940145	I1
0	0	1	0			
-9.2005974	44.56450095	-37.1409	I1
0	0	2	0	
-2.245849225	24.49099935	-5.36540065	I2
0	0	2	0	
27.05114975	-13.75900068	-24.9074005	I2
0	0	1	0			
4.85890045	-18.9434985	9.0601002	I1
0	0	1	0			
27.8169006	-24.54450025	11.81660045	I1
0	0	1	0			
20.70289455	-20.28300275	16.4561001	I1
0	0	1	0			
30.40839995	-15.9434984	32.1801029	I1
0	0	1	0			
29.3608994	-5.7409991	62.34559975	I1
0	0	1	0			
16.3429016	-10.2749995	77.9780995	I1
0	0	2	0	
30.18364943	2.04675115	82.97209518	I2
0	0	1	0			
13.731398	18.512499	-51.49189985	I1
0	0	1	0			
5.04590075	24.35250295	63.9500996	I1
0	1	0	0
-10.9685989	-31.5634974	-41.1849026	V1
0	1	0	0
-20.8985992	1.4784948	-25.5599026	V1
0	1	0	0
-6.4175965	-15.7945002	-5.3549007	V1
0	1	0	0
-1.0545975	-15.8175028	29.0621067	V1
0	2	0	0		
-15.880098	29.2660009	-36.2148975	V2
0	1	0	0
-22.5515991	14.2824956	-29.845898	V1
0	6	0	0
-21.41359993	34.97033132	-29.19773392	V6
0	1	0	0
-15.3216034	35.8465062	-31.2238964	V1
0	1	0	0
-22.3285996	28.7035009	-26.7368969	V1
0	1	0	0
-23.8025986	44.4934942	-19.8178981	V1
0	1	0	0
-15.2536026	24.5375006	-14.1228985	V1
0	1	0	0
6.4263977	-14.4695032	-21.0148967	V1
0	1	0	0
9.1633972	-25.7665003	-18.2488979	V1
0	1	0	0
22.0394043	-24.3144969	-16.8868984	V1
0	8	0	0
5.602901838	-18.22937571	-13.6291498	V8
0	3	0	0	
11.55273287	-23.39516753	-12.05790107	V3
0	1	0	0
8.9854034	-17.1655024	1.8160969	V1
0	1	0	0
10.3973984	-21.5064982	29.026096	V1
0	1	0	0
13.4273971	-30.1935023	37.5271031	V1
0	2	0	0		
27.8278946	1.29950155	62.103603	V2
0	1	0	0
23.545401	5.6305028	62.1821019	V1
0	1	0	0
22.1754059	7.1274969	72.151096	V1

36
29
0	0	1	0		
-41.63109764	-6.465828962	-36.03917284	I1
0	0	1	0		
-61.86409554	8.199171938	-36.01367544	I1
0	0	1	0		
-63.33859814	-13.49882611	54.72432356	I1
0	0	2	0
-17.87184701	26.04442109	-0.669171939	I2
0	0	1	0		
-31.60559639	18.42417039	25.79482681	I1
0	0	1	0		
-4.36459904	-46.40932951	-16.09867059	I1
0	0	1	0		
-11.47959694	12.43967334	-51.79417004	I1
0	0	1	0		
-10.07559764	-11.91082866	-44.80567519	I1
0	0	6	0
-14.35709748	-0.901993837	-24.05467131	I6
0	0	1	0		
40.46140116	6.733668288	-0.059169489	I1
0	0	2	0
32.39315236	13.17117201	6.426830586	I2
0	0	2	0
23.53689784	-21.62807764	30.99907714	I2
0	0	1	0		
20.15140361	-13.36632646	28.93682511	I1
0	0	2	0
28.20315376	-15.77782734	34.97482711	I2
0	0	1	0		
5.73940101	18.30966844	8.753826511	I1
0	0	1	0		
1.21140116	19.65667619	27.20332746	I1
0	0	3	0
48.45106839	1.378669938	27.33366043	I3
0	0	1	0		
48.88940256	18.21967209	-25.86017199	I1
0	1	0	0
-37.18459499	9.597166938	-43.04616894	V1
0	1	0	0
-25.81059439	-7.597825162	-40.05417224	V1
0	1	0	0
-28.62059949	-7.566826962	-28.70017594	V1
0	1	0	0
-23.06360039	-7.621827262	0.015827461	V1
0	1	0	0
-18.90359669	5.364172838	21.55382186	V1
0	1	0	0
-10.09160029	11.12917984	-33.22516984	V1
0	1	0	0
-4.30859549	-14.88982496	-24.40616954	V1
0	1	0	0
-7.26459679	-9.122826662	-21.59017534	V1
0	1	0	0
-5.73159969	-13.33783066	-17.24317524	V1
0	1	0	0
-12.94459709	-20.55582536	-12.69317214	V1
0	1	0	0
-11.65359669	-1.854828962	5.672825161	V1
0	12	0	0
0.05440346	0.448090471	6.601494778	V12
0	1	0	0
27.25340091	2.368170638	6.994831461	V1
0	1	0	0
-4.29159719	8.152174838	7.073826261	V1
0	1	0	0
8.51339551	-1.908829762	8.498829161	V1
0	1	0	0
-10.03159509	8.215178338	12.82982286	V1
0	1	0	0
1.54640021	-0.576829062	24.54182846	V1
0	1	0	0
-5.71959859	9.480177738	22.80182296	V1


















