122.286

14

139
102
0	0	18	0
21.9980388250	0.9192885519	1.1054935033	I18
0	0	7	0
26.0562861857	4.2992747139	3.4303905689	I7
0	0	5	0
18.4688595560	-5.4585589743	-2.5292157940	I5
0	0	2	0
26.5875503550	4.4010099647	3.0573544860	I2
0	0	2	0
18.9910995500	-2.5623895403	1.3165044160	I2
0	0	2	0
16.3007003800	4.0845113997	-1.8486948640	I2
0	0	2	0
16.6172500650	3.7679601947	-1.8486948640	I2
0	0	2	0
21.9980491650	0.2862608147	0.5252049760	I2
0	0	2	0
26.5875503550	4.7175108247	3.3738553360	I2
0	0	2	0
21.3649993950	7.5662115397	4.9564557460	I2
0	0	1	0
12.4233993500	-6.7562394903	0.9208043460	I1
0	0	1	0
12.4233993500	-6.4397401603	1.2374043760	I1
0	0	1	0
15.5884994600	-11.1875390803	-4.7764948540	I1
0	0	1	0
17.1710998600	-6.7562394903	-5.7259958940	I1
0	0	1	0
17.1710998600	-6.4397401603	-5.4094950340	I1
0	0	1	0
11.1572990400	-3.5911386303	-4.4599955240	I1
0	0	1	0
17.8042007400	-1.3754388603	-5.7259958940	I1
0	0	1	0
18.4371994000	-4.8571389903	-3.1938959740	I1
0	0	1	0
21.2858993600	1.1566610597	0.9208043460	I1
0	0	1	0
21.2858993600	1.4731603897	1.5539052360	I1
0	0	1	0
17.8042007400	-6.1232393003	-6.0425944040	I1
0	0	1	0
21.6024017300	0.8401601997	0.2878041560	I1
0	0	1	0
22.2354003900	0.5236608697	-0.0286951740	I1
0	0	1	0
22.5518997200	-7.0728395203	-1.6112955740	I1
0	0	1	0
22.8684997600	-7.7058290203	-1.2947947140	I1
0	0	1	0
23.1850006200	4.3218603397	6.6182057760	I1
0	0	1	0
24.4511001600	3.6888601597	0.6043050160	I1
0	0	1	0
24.7676010200	3.6888601597	0.2878041560	I1
0	0	1	0
24.7676010200	3.6888601597	1.5539052360	I1
0	0	1	0
24.7676010200	4.0053625297	1.8704045660	I1
0	0	1	0
25.7170990000	7.8035604697	1.8704045660	I1
0	0	1	0
26.0337005600	4.0053625297	2.8200047860	I1
0	0	1	0
1.1869400000	13.6591619697	14.6894048060	I1
0	0	1	0
11.9486000100	-6.5980394003	1.3956044560	I1
0	0	1	0
14.7972000200	-3.1163385103	-9.9990450540	I1
0	0	1	0
15.7468002300	-7.5475389203	-3.3521952240	I1
0	0	1	0
15.7468002300	-7.5475389203	-0.8199946040	I1
0	0	1	0
17.3294006400	-7.5475389203	-5.8842951440	I1
0	0	1	0
17.3294006400	-3.4328393703	2.9782048560	I1
0	0	1	0
17.6458999700	-7.5475389203	-5.5677950540	I1
0	0	1	0
17.6458999700	-5.9649392803	-5.5677950540	I1
0	0	1	0
17.6458999700	-0.9006387403	-5.2512949640	I1
0	0	1	0
17.9623992900	-7.5475389203	-7.1503954440	I1
0	0	1	0
17.9623992900	-5.3319391003	-2.7190958640	I1
0	0	1	0
17.9623992900	-1.8502389703	-6.2007952340	I1
0	0	1	0
18.2789001500	-7.5475389203	-6.8338953640	I1
0	0	1	0
18.2789001500	-5.3319391003	-3.0355951940	I1
0	0	1	0
18.2789001500	3.2140600397	10.2581059760	I1
0	0	1	0
18.5955001800	-7.5475389203	-8.0998949640	I1
0	0	1	0
19.5449997000	0.6818609497	-6.2007952340	I1
0	0	1	0
20.8110992400	-5.6484391903	-0.1869959540	I1
0	0	1	0
21.4440994300	-7.8640893703	-0.8199946040	I1
0	0	1	0
22.0771987900	-7.5475389203	-1.4529947840	I1
0	0	1	0
22.0771987900	-7.2310388303	-1.1364954640	I1
0	0	1	0
22.3936996600	-7.5475389203	-1.1364954640	I1
0	0	1	0
22.3936996600	0.0488607697	0.4461049360	I1
0	0	1	0
22.7102005000	4.7966604597	6.7764027960	I1
0	0	1	0
24.6093002300	3.5305608997	2.0287053460	I1
0	0	1	0
24.6093002300	4.1636602697	0.1295049060	I1
0	0	1	0
24.9257980400	3.5305608997	2.3452046760	I1
0	0	1	0
25.2423996000	3.5305608997	2.0287053460	I1
0	0	1	0
25.2423996000	3.5305608997	2.6617039960	I1
0	0	1	0
25.2423996000	3.8470602297	2.3452046760	I1
0	0	1	0
25.2423996000	4.7966604597	6.4599049860	I1
0	0	1	0
25.2423996000	7.9618597297	3.2947041860	I1
0	0	1	0
25.5588989300	3.8470602297	2.6617039960	I1
0	0	1	0
25.8753997800	0.3653600897	2.9782048560	I1
0	0	1	0
34.4213989300	19.6730596797	-14.4303053540	I1
0	8	0	0
21.4441246075	3.4118730772	3.1760169373	V8
0	4	0	0
17.2106998500	-3.8680642853	-7.2690455115	V4
0	4	0	0
18.4371994000	0.0489111197	-3.0356455490	V4
0	3	0	0
20.4945668567	5.8516933030	2.7672378560	V3
0	3	0	0
20.9694000300	3.0557943597	4.0860051460	V3
0	3	0	0
17.6458999700	-3.4328388603	-2.7190958640	V3
0	3	0	0
17.9623998033	1.3149603097	-1.4529947840	V3
0	3	0	0
21.1275995900	4.4801595897	3.6113042260	V3
0	2	0	0
17.8042007400	-2.7997895953	-1.6112955740	V2
0	2	0	0
18.1207000700	-10.5544992203	-3.3521456390	V2
0	2	0	0
18.1207000700	-4.6988893253	-1.6112955740	V2
0	2	0	0
18.4371994000	-2.9580392603	-2.0860453290	V2
0	2	0	0
20.5736999550	5.5088117897	1.6330052710	V2
0	2	0	0
19.2285003700	2.7393110547	3.9278035460	V2
0	2	0	0
20.9693496700	4.4801595897	2.0287053460	V2
0	2	0	0
21.4440994300	3.3723104697	3.9278035460	V2
0	1	0	0
19.7033004800	-5.1736398503	-0.9782953840	V1
0	1	0	0
20.0197998100	3.0557607897	3.4530064860	V1
0	1	0	0
20.0197998100	4.6383611897	2.5034047460	V1
0	1	0	0
18.4371994000	-1.6919397103	-1.9277949040	V1
0	1	0	0
20.6527999900	1.7897604197	8.2008061760	V1
0	1	0	0
21.2858993600	-6.4397401603	-0.6616953440	V1
0	1	0	0
21.6024017300	-6.1232393003	-1.2947947140	V1
0	1	0	0
21.9188995400	-5.4902383603	-0.9782953840	V1
0	1	0	0
22.5518997200	-5.4902383603	-0.0286951740	V1
0	1	0	0
23.1850006200	4.6383611897	5.0356053760	V1
0	1	0	0
26.6666992200	2.7392614597	0.9208043460	V1
0	1	0	0
34.5796997100	19.8312597497	-14.5885653140	V1
0	1	0	0
16.0632995600	-4.0658395503	-9.3660051940	V1
0	1	0	0
16.3798004200	-3.7493387003	-8.7329653440	V1
0	1	0	0
16.6964004600	-4.3823388803	-8.4164454140	V1
0	1	0	0
16.6964004600	-1.8502389703	-3.3521952240	V1
0	1	0	0
17.6458999700	-8.8136491503	-3.3521952240	V1
0	1	0	0
17.6458999700	-3.7493387003	-1.7695948240	V1
0	1	0	0
17.6458999700	-3.1163385103	-2.0860956840	V1
0	1	0	0
17.6458999700	-1.8502389703	-4.3016947440	V1
0	1	0	0
17.6458999700	-1.5337396403	-3.3521952240	V1
0	1	0	0
17.4876999000	-9.6049394403	-3.8268946340	V1
0	1	0	0
18.2789001500	-3.7493387003	-0.5034952740	V1
0	1	0	0
18.2789001500	-2.7998391803	-1.4529947840	V1
0	1	0	0
18.2789001500	0.9984609797	-3.3521952240	V1
0	1	0	0
18.2789001500	2.2644613497	-1.1364954640	V1
0	1	0	0
18.5955001800	-6.5980394003	-2.4025950140	V1
0	1	0	0
18.9119995100	-11.3457990403	-2.7190958640	V1
0	1	0	0
18.9119995100	-10.0797189503	-3.9851954140	V1
0	1	0	0
18.9119995100	-2.7998391803	-2.0860956840	V1
0	1	0	0
18.9119995100	-2.7998391803	-0.8199946040	V1
0	1	0	0
18.9119995100	1.6314611697	-2.0860956840	V1
0	1	0	0
18.9119995100	3.8470602297	4.8773061160	V1
0	1	0	0
19.2285003700	-10.7127595603	-3.9851954140	V1
0	1	0	0
17.4876999000	-6.7562394903	-3.1938959740	V1
0	1	0	0
19.5449997000	4.4801595897	1.7121053060	V1
0	1	0	0
19.8615005500	-4.6989389203	-2.4025950140	V1
0	1	0	0
19.8615005500	4.4801595897	3.9278035460	V1
0	1	0	0
20.1781005900	4.4801595897	4.8773061160	V1
0	1	0	0
20.1781005900	4.7966604597	3.2947041860	V1
0	1	0	0
20.1781005900	6.0627630497	3.6113042260	V1
0	1	0	0
20.4945999200	3.2140600397	2.0287053460	V1
0	1	0	0
20.4945999200	3.5305608997	5.8269048060	V1
0	1	0	0
20.4945999200	5.4296621597	5.1938054460	V1
0	1	0	0
1.0286800400	13.8174596997	14.8477055960	V1
0	1	0	0
18.7537002600	-2.3250390803	-1.9277949040	V1
0	1	0	0
20.8110992400	5.7461614897	3.6113042260	V1
0	1	0	0
19.3867996200	-4.8571389903	1.2374043760	V1
0	1	0	0
21.1276001000	5.1131612997	4.2443044160	V1
0	1	0	0
19.7033004800	-10.5544992203	-3.8268946340	V1
0	1	0	0
21.4440994300	5.1131612997	2.6617039960	V1
0	1	0	0
22.7102005000	3.5305608997	4.2443044160	V1
0	1	0	0
23.0267013600	1.9479604997	6.1434041360	V1
0	1	0	0
23.3432006900	4.7966604597	3.6113042260	V1
0	1	0	0
26.8250000000	4.4801595897	-0.1869959540	V1

86
68
0	0	10	0
25.1790599120	1.0801365847	0.4400974660	I10
0	0	9	0
25.6819547878	0.4681878140	0.6546175760	I9
0	0	6	0
24.4246999117	1.0221100040	-0.3036992240	I6
0	0	5	0
25.3056796280	0.0355966327	1.1364376480	I5
0	0	4	0
24.9654007050	0.5341266782	-0.0267575440	I4
0	0	2	0
24.8466995300	4.9258262807	1.1206179460	I2
0	0	2	0
28.8822998100	-2.2750228793	-1.6489327540	I2
0	0	1	0
10.5241996800	-1.6419235093	8.6379168360	I1
0	0	1	0
11.7903000000	-13.6696433893	7.6884173260	I1
0	0	1	0
12.1068008400	0.2571762207	0.7249178660	I1
0	0	1	0
15.9050994900	6.2709762707	-2.1236836640	I1
0	0	1	0
19.0701995900	5.9544769407	-1.8071828040	I1
0	0	1	0
19.7033004800	2.4727768107	-5.6054127840	I1
0	0	1	0
20.3363006600	-1.9584228393	-4.9723729340	I1
0	0	1	0
20.9694000300	3.7388763607	0.0919176860	I1
0	0	1	0
20.9694000300	4.0553772107	0.4084170160	I1
0	0	1	0
22.2354003900	-1.0089233293	-3.7062924540	I1
0	0	1	0
22.2354003900	-0.6924239893	-4.0228123840	I1
0	0	1	0
25.4005996700	5.6379760907	1.0415179060	I1
0	0	1	0
26.0337005600	1.2067764507	0.0919176860	I1
0	0	1	0
26.0337005600	1.5232772907	0.4084170160	I1
0	0	1	0
28.5657989500	-2.5915237293	-1.4906827040	I1
0	0	1	0
10.2077003500	-13.0366035293	3.5736178260	I1
0	0	1	0
7.2008003200	-8.1305732593	13.2274187860	I1
0	0	1	0
7.8338401800	-8.1305732593	4.9979174460	I1
0	0	1	0
10.3660003700	-13.1948636893	4.0484179360	I1
0	0	1	0
10.9989998000	-2.4332229493	-3.8645528040	I1
0	0	1	0
11.6320999200	-7.4975333993	9.4292177960	I1
0	0	1	0
13.5311996500	1.6814758407	0.2502169460	I1
0	0	1	0
15.4302993800	6.1127762107	-7.9792927940	I1
0	0	1	0
15.7468002300	6.1127762107	1.1997179860	I1
0	0	1	0
15.7468002300	6.7457779107	-1.6488827840	I1
0	0	1	0
17.0128997800	-2.1167236193	-0.6993825140	I1
0	0	1	0
25.5588989300	1.0484771907	0.2502169460	I1
0	0	1	0
25.8753997800	1.9979767007	0.8832171260	I1
0	0	1	0
29.9901001000	-3.6993232593	-2.9149823340	I1
0	0	1	0
30.6231994600	-4.3323234393	-2.5984830040	I1
0	9	0	0
22.2881664722	0.4506101995	-0.6641826917	V9
0	5	0	0
21.6023999060	1.4599362347	-1.1741424920	V5
0	4	0	0
21.2858497650	0.0988769707	-1.4906327390	V4
0	2	0	0
20.9694000300	2.1562759507	0.2501673510	V2
0	2	0	0
21.9188995400	0.2571762207	-1.9654332340	V2
0	2	0	0
19.3867500350	-0.5341232193	-2.9149823340	V2
0	2	0	0
22.0771987900	1.5232261807	1.5162173160	V2
0	1	0	0
16.5380996700	-0.0593231093	-2.1236836640	V1
0	1	0	0
17.4876999000	2.4727768107	-0.5410824940	V1
0	1	0	0
17.8042007400	1.8397766207	-2.7567830240	V1
0	1	0	0
18.7537002600	1.2067764507	-3.7062924540	V1
0	1	0	0
19.0701995900	-1.0089233293	-2.4401829940	V1
0	1	0	0
19.7033004800	-1.3254241793	-1.1741818640	V1
0	1	0	0
20.0197998100	-0.3758239593	0.0919176860	V1
0	1	0	0
20.0197998100	0.8901764107	-1.4906827040	V1
0	1	0	0
20.3363006600	1.8397766207	-2.1236836640	V1
0	1	0	0
20.6527999900	1.8397766207	-0.5410824940	V1
0	1	0	0
21.9188995400	1.5232772907	1.9910174160	V1
0	1	0	0
22.2354003900	1.8397766207	-2.4401829940	V1
0	1	0	0
22.5518997200	0.5736770807	-2.1236836640	V1
0	1	0	0
22.5518997200	1.5232772907	-1.4906827040	V1
0	1	0	0
22.5518997200	1.5232772907	-0.8575833540	V1
0	1	0	0
22.8684997600	2.1562759507	0.0919176860	V1
0	1	0	0
24.1345001200	0.5736770807	0.7249178660	V1
0	1	0	0
28.2493011500	0.8901764107	-1.8071828040	V1
0	1	0	0
29.5153991700	1.2067764507	-2.1236836640	V1
0	1	0	0
11.3154998800	-7.1810134693	7.5301165360	V1
0	1	0	0
11.6320999200	-8.1305732593	7.8466173960	V1
0	1	0	0
12.5816001900	-9.7131637393	7.5301165360	V1
0	1	0	0
17.3294006400	-1.4837234293	-2.2819829040	V1
0	1	0	0
18.5955001800	1.9979767007	-0.3828824240	V1
0	1	0	0
18.9119995100	-0.5341232193	-4.4975926540	V1
0	1	0	0
19.2285003700	-0.8506240693	-0.3828824240	V1
0	1	0	0
11.1572990400	-8.2888236893	7.6884173260	V1
0	1	0	0
19.5449997000	-1.1671233993	-1.9654828240	V1
0	1	0	0
19.8615005500	1.0484771907	-2.5984830040	V1
0	1	0	0
19.8615005500	1.6814758407	0.2502169460	V1
0	1	0	0
20.1781005900	-0.8506240693	-2.9149823340	V1
0	1	0	0
20.1781005900	-0.2176238893	-1.3323826940	V1
0	1	0	0
20.4945999200	-0.5341232193	0.8832171260	V1
0	1	0	0
20.8110992400	1.3649765207	0.8832171260	V1
0	1	0	0
11.1572990400	-6.3897132693	5.1562166960	V1
0	1	0	0
21.4440994300	1.0484771907	1.1997179860	V1
0	1	0	0
13.0563995400	-6.0732230993	8.0049166560	V1
0	1	0	0
22.3936996600	0.0988769707	-2.2819829040	V1
0	1	0	0
23.0267013600	1.3649765207	-1.3323826940	V1
0	1	0	0
23.3432006900	0.0988769707	-1.6488827840	V1
0	1	0	0
23.6598022500	1.6814758407	-1.6488827840	V1
0	1	0	0
24.9257980400	3.8971771407	-1.3323826940	V1

113
112
0	0	67	0
16.6892747827	-0.3695179541	-1.4544471496	I67
0	0	8	0
10.3857625988	0.6429219608	5.9149303050	I8
0	0	4	0
11.3155246750	0.8209594133	5.4995185487	I4
0	0	1	0
9.8912101800	-0.7616661617	-6.5281971388	I1
0	0	1	0
9.8912101800	0.1879340483	6.1325931212	I1
0	0	1	0
11.7903000000	-3.6102654117	4.8664935712	I1
0	0	1	0
11.7903000000	0.8209342383	-0.8309063388	I1
0	0	1	0
12.4233993500	-2.3442650517	-2.4134075588	I1
0	0	1	0
13.3729003900	-0.1285652817	-2.0969066987	I1
0	0	1	0
15.2720001200	5.5687339183	0.4351932113	I1
0	0	1	0
16.2216003400	-1.3946663517	-0.8309063388	I1
0	0	1	0
16.5380996700	1.1375342783	-0.5143062988	I1
0	0	1	0
16.8546005300	0.1879340483	-2.4134075588	I1
0	0	1	0
18.7537002600	-1.0781655017	-5.2621166588	I1
0	0	1	0
19.0701995900	-2.9772652317	-3.6795078688	I1
0	0	1	0
20.0197998100	5.2522361083	-2.0969066987	I1
0	0	1	0
20.3363006600	-2.6607659017	1.7012927612	I1
0	0	1	0
20.9694000300	1.7705344483	-1.4639065187	I1
0	0	1	0
21.2858993600	2.0870337783	-1.4639065187	I1
0	0	1	0
21.2858993600	2.4035346383	-1.7804073687	I1
0	0	1	0
21.6024017300	-2.0276650117	-3.3630070088	I1
0	0	1	0
29.5153991700	-0.7616661617	-6.2116772088	I1
0	0	1	0
11.9486000100	-5.3511658217	-3.2047069887	I1
0	0	1	0
15.7468002300	-0.9198662417	-0.6726070787	I1
0	0	1	0
16.3798004200	-5.6676659217	2.1760928713	I1
0	0	1	0
17.0128997800	-2.8189659717	2.8090930612	I1
0	0	1	0
17.0128997800	0.6627341583	-0.3561062187	I1
0	0	1	0
17.3294006400	3.5113349283	-10.4846767787	I1
0	0	1	0
17.6458999700	3.1948340783	-10.4846767787	I1
0	0	1	0
17.6458999700	3.8279349683	4.0751926013	I1
0	0	1	0
17.6458999700	4.1444342983	3.7586932712	I1
0	0	1	0
20.4945999200	4.7774344783	-1.9387066288	I1
0	0	1	0
20.8110992400	2.2453345583	-1.9387066288	I1
0	0	1	0
20.8110992400	2.5618338883	-2.2552067188	I1
0	0	1	0
21.1276001000	1.9287345283	-1.9387066288	I1
0	0	1	0
21.1276001000	2.2453345583	-2.2552067188	I1
0	6	0	0
14.0059005700	0.6626845733	3.9168928412	V6
0	4	0	0
12.5816497800	1.7705344483	3.1256434962	V4
0	4	0	0
13.0563995400	0.0296843833	4.7082431412	V4
0	3	0	0
16.5381001833	-4.0322991050	-6.0006636654	V3
0	3	0	0
12.9508997633	1.0320009316	3.1783933846	V3
0	3	0	0
13.0036331200	0.7682008783	4.7082263579	V3
0	3	0	0
16.3271001167	-3.5047656350	-3.0465069087	V3
0	3	0	0
13.6893997200	-0.1285652817	3.6003930013	V3
0	2	0	0
10.6824996950	0.8209342383	2.3342929513	V2
0	2	0	0
11.4737999000	2.5617843033	3.6003924912	V2
0	2	0	0
17.0128501950	-3.2937660817	-5.5786365887	V2
0	2	0	0
14.9554992700	0.1879340483	3.4421428263	V2
0	2	0	0
13.5311500550	-1.0781655017	2.3342929513	V2
0	2	0	0
17.6459503200	1.4540351183	-2.7300060688	V2
0	2	0	0
13.8476501450	0.1879340483	2.3342929513	V2
0	2	0	0
21.1276496950	0.5044349083	-3.0465069087	V2
0	2	0	0
12.2651001000	2.0870345433	1.5429935113	V2
0	2	0	0
13.5311996500	0.0296347983	4.5499431262	V2
0	2	0	0
13.8477005000	1.2957343483	3.9169429362	V2
0	2	0	0
21.7606994700	-0.1286156317	-3.8378071088	V2
0	2	0	0
16.0632995600	-3.1354653017	-6.8447117238	V2
0	2	0	0
16.5381004400	-2.8189659717	-4.7873066288	V2
0	1	0	0
13.0563995400	1.1375342783	5.4994937513	V1
0	1	0	0
14.9554992700	4.6192344083	3.9168933512	V1
0	1	0	0
15.5884994600	-3.6102654117	-4.3126072288	V1
0	1	0	0
15.9050994900	2.4035346383	3.9168933512	V1
0	1	0	0
16.2216003400	-3.2937660817	-0.5143062988	V1
0	1	0	0
16.5380996700	2.7200339683	3.2838931613	V1
0	1	0	0
16.8546005300	-4.2433647817	-4.3126072288	V1
0	1	0	0
17.1710998600	-3.9267662717	-5.2621166588	V1
0	1	0	0
17.1710998600	-3.6102654117	-1.7804073687	V1
0	1	0	0
17.1710998600	0.8209342383	3.9168933512	V1
0	1	0	0
17.4876999000	1.1375342783	-3.6795078688	V1
0	1	0	0
18.1207000700	0.5044349083	-4.6291065588	V1
0	1	0	0
18.7537002600	-0.1285652817	-3.6795078688	V1
0	1	0	0
19.0701995900	5.2522361083	-0.8309063388	V1
0	1	0	0
19.3867996200	-1.3946663517	-2.7300060688	V1
0	1	0	0
20.0197998100	-1.0781655017	-4.9455967288	V1
0	1	0	0
20.9694000300	-0.4450661317	-3.9960071988	V1
0	1	0	0
11.7903000000	0.5044349083	2.0177936212	V1
0	1	0	0
21.2858993600	0.1879340483	-3.6795078688	V1
0	1	0	0
10.9989998000	2.5618338883	3.7586932712	V1
0	1	0	0
10.9989998000	2.8783347483	2.4925937312	V1
0	1	0	0
11.6320999200	2.2453345583	3.1255923812	V1
0	1	0	0
12.2651001000	0.6627341583	4.0751926013	V1
0	1	0	0
11.7903000000	3.6696341883	2.6508929913	V1
0	1	0	0
12.2651001000	3.1948340783	2.8090930612	V1
0	1	0	0
12.5816001900	0.3462348383	1.5429935113	V1
0	1	0	0
12.5816001900	1.2957343483	3.1255923812	V1
0	1	0	0
12.8981002800	0.6627341583	2.8090930612	V1
0	1	0	0
13.2147003200	-1.2363655717	5.6577930112	V1
0	1	0	0
13.2147003200	1.2957343483	2.4925937312	V1
0	1	0	0
12.7399002100	2.0870337783	2.3342929513	V1
0	1	0	0
13.5311996500	0.3462348383	3.4420932413	V1
0	1	0	0
13.3729003900	0.8209342383	2.6508929913	V1
0	1	0	0
13.8477005000	2.2453345583	6.6072925212	V1
0	1	0	0
14.1641998300	-1.8694649317	3.7586932712	V1
0	1	0	0
14.7972000200	0.9792350183	-0.3561062187	V1
0	1	0	0
13.3729003900	1.7705344483	5.4994937513	V1
0	1	0	0
15.7468002300	0.3462348383	-3.2047069887	V1
0	1	0	0
15.7468002300	2.5618338883	4.3916934613	V1
0	1	0	0
16.0632995600	-4.7180657017	0.2769931413	V1
0	1	0	0
13.6893997200	0.5044349083	0.7516925512	V1
0	1	0	0
16.0632995600	-3.1354653017	-3.5213070288	V1
0	1	0	0
14.3225006100	1.7705344483	4.8664935712	V1
0	1	0	0
16.3798004200	-2.5024651217	0.5934924712	V1
0	1	0	0
16.3798004200	-2.1859657917	-0.9891064088	V1
0	1	0	0
15.4302993800	2.5618338883	1.5429935113	V1
0	1	0	0
16.6964004600	1.2957343483	-4.4708065387	V1
0	1	0	0
17.0128997800	-4.4015656117	-7.0029667288	V1
0	1	0	0
17.9623992900	3.1948340783	-4.7873066288	V1
0	1	0	0
18.2789001500	1.6122336683	3.1255923812	V1
0	1	0	0
18.5955001800	-4.0850655217	-1.3056072588	V1
0	1	0	0
18.9119995100	0.9792350183	-2.2552067188	V1
0	1	0	0
21.4440994300	-2.5024651217	-5.1038570788	V1
0	1	0	0
21.4440994300	-0.6033653917	-2.2552067188	V1
0	1	0	0
16.6964004600	-2.8189659717	4.7081927912	V1

212
157
0	0	16	0
16.9337500613	-3.0045130188	4.7703260482	I16
0	0	14	0
24.6997643643	-6.6473247019	6.8474925786	I14
0	0	8	0
17.7843874000	-3.5188565669	3.8603695001	I8
0	0	7	0
24.4284713757	-4.0925676647	4.2475068572	I7
0	0	5	0
24.1345196540	-6.1499614239	5.9612267761	I5
0	0	5	0
23.9129803480	-3.7760615779	3.5873470761	I5
0	0	3	0
16.4853332533	0.6552179215	0.9918737501	I3
0	0	2	0
22.3145500250	-3.0638820119	11.5161565851	I2
0	0	2	0
33.7883499150	11.5751179281	-7.3958530299	I2
0	0	2	0
16.1424499500	-2.2725818169	5.6605566101	I2
0	0	2	0
34.9753006000	14.0281193281	-7.7915029899	I2
0	0	2	0
36.2413497950	15.7689686331	-7.6332429799	I2
0	0	2	0
28.1701507650	-7.9699313619	9.1422567401	I2
0	0	2	0
17.0919998200	-3.0638820119	4.0779569701	I2
0	0	2	0
36.3204986600	11.2585682431	-6.2880332899	I2
0	0	1	0
15.9050994900	-6.1499812619	4.9484075601	I1
0	0	1	0
16.5380996700	-6.4664821119	4.3153066701	I1
0	0	1	0
16.5380996700	-2.3516810919	5.2649068901	I1
0	0	1	0
16.5380996700	2.0795185581	-2.6480729999	I1
0	0	1	0
16.8546005300	0.4969181581	0.5171171301	I1
0	0	1	0
16.8546005300	0.8135181981	0.8336073001	I1
0	0	1	0
17.8042007400	-3.6177821619	3.3658071601	I1
0	0	1	0
21.9188995400	-2.9847819719	11.2787069401	I1
0	0	1	0
23.1850006200	-7.7324824819	12.2283086801	I1
0	0	1	0
23.5014984100	-7.4159816219	12.2283086801	I1
0	0	1	0
23.5014984100	-3.3012813019	3.3658071601	I1
0	0	1	0
23.8179992700	-7.4159816219	6.8475072901	I1
0	0	1	0
24.7676010200	-7.0994822919	6.5310064401	I1
0	0	1	0
25.0841018800	-8.6820819319	11.2787069401	I1
0	0	1	0
27.2997009400	-2.6681819319	4.6318075201	I1
0	0	1	0
31.4144989000	12.2081196381	-6.1297731299	I1
0	0	1	0
32.3640014700	12.2081196381	-5.8132631199	I1
0	0	1	0
32.3640014700	13.7907185081	-6.1297731299	I1
0	0	1	0
33.6300994900	11.8916187781	-7.7123729599	I1
0	0	1	0
33.6300994900	12.2081196381	-8.0288831599	I1
0	0	1	0
33.6300994900	13.7907185081	-8.9784430299	I1
0	0	1	0
33.9466003400	11.5751179281	-5.8132631199	I1
0	0	1	0
34.5796997100	14.7403187281	-8.3454130099	I1
0	0	1	0
34.8962005600	-17.5446017719	-7.3958530299	I1
0	0	1	0
34.8962005600	13.1577167981	-7.0793331099	I1
0	0	1	0
34.8962005600	13.7907185081	-7.3958530299	I1
0	0	1	0
35.5291992200	-17.2280818419	-7.0793331099	I1
0	0	1	0
35.5291992200	9.6760181981	-6.7628129899	I1
0	0	1	0
35.8457000800	-12.7968219219	-8.3454130099	I1
0	0	1	0
35.8457000800	11.2586170681	-6.1297731299	I1
0	0	1	0
36.4787994400	-10.2646716519	-8.3454130099	I1
0	0	1	0
36.4787994400	16.0063190981	-8.0288831599	I1
0	0	1	0
37.4282989500	-17.5446017719	-8.0288831599	I1
0	0	1	0
37.7447998100	-10.5811915819	-8.6619260699	I1
0	0	1	0
0.2373889900	12.9994190781	-5.3384832299	I1
0	0	1	0
2.1364999800	-15.8037517019	-7.2375930699	I1
0	0	1	0
15.1138000500	-8.8403819519	1.3084066501	I1
0	0	1	0
15.4302993800	-5.6751811419	2.5745069601	I1
0	0	1	0
15.4302993800	0.6552174081	0.3588567801	I1
0	0	1	0
16.0632995600	-6.6246821819	4.4736074501	I1
0	0	1	0
16.3798004200	-2.1934825419	6.0562063301	I1
0	0	1	0
18.2789001500	-3.1429820519	3.5240072301	I1
0	0	1	0
18.5955001800	-8.8403819519	9.2214071301	I1
0	0	1	0
22.0771987900	-8.8403819519	11.1205068701	I1
0	0	1	0
23.3432006900	-3.7760814119	2.8910070501	I1
0	0	1	0
23.9763000500	-6.9411815119	6.6892065101	I1
0	0	1	0
23.9763000500	-6.6246821819	6.3727071801	I1
0	0	1	0
23.9763000500	-4.0925822719	4.1571066001	I1
0	0	1	0
24.2927993800	-5.6751811419	6.0562063301	I1
0	0	1	0
24.6093002300	-5.9916820019	6.0562063301	I1
0	0	1	0
24.6093002300	-5.9916820019	6.6892065101	I1
0	0	1	0
24.6093002300	-4.0925822719	4.7901067801	I1
0	0	1	0
24.9257980400	-9.1568820319	11.7535070501	I1
0	0	1	0
24.9257980400	-4.0925822719	4.4736074501	I1
0	0	1	0
28.7240997300	-2.5099818619	1.9414068301	I1
0	0	1	0
29.3571014400	-4.4090816019	9.5379064601	I1
0	0	1	0
31.5726989800	11.4168171481	-5.3384832299	I1
0	0	1	0
32.8388000500	10.4673176281	-7.5541129999	I1
0	0	1	0
33.1553009100	12.3664143081	-5.6550031599	I1
0	0	1	0
33.7884002800	-18.9689418319	-6.6045528299	I1
0	0	1	0
33.7884002800	17.1142170481	-6.9210731399	I1
0	0	1	0
34.1049011200	9.5177174181	-9.1367040599	I1
0	0	1	0
34.1049011200	12.9994190781	-7.5541129999	I1
0	0	1	0
34.1049011200	14.5820179481	-7.8706330199	I1
0	0	1	0
34.7378997800	12.0499195581	-8.1871530499	I1
0	0	1	0
34.7378997800	16.1646168281	-8.5036660099	I1
0	0	1	0
35.0544006400	-16.7533118719	-7.2375930699	I1
0	0	1	0
35.0544006400	11.1003193381	-4.3889230699	I1
0	0	1	0
35.3709991500	7.3021168281	-4.7054429899	I1
0	0	1	0
35.3709991500	13.9490192881	-6.9210731399	I1
0	0	1	0
35.3709991500	15.2151173181	-8.5036660099	I1
0	0	1	0
35.3709991500	15.2151173181	-7.5541129999	I1
0	0	1	0
35.6875000000	-19.9184928419	-8.8201870399	I1
0	0	1	0
35.6875000000	-10.4229320019	-8.5036660099	I1
0	0	1	0
36.0040008500	13.6325184481	-7.2375930699	I1
0	0	1	0
36.0040008500	15.2151173181	-8.5036660099	I1
0	0	1	0
36.0040008500	16.1646168281	-8.8201870399	I1
0	0	1	0
4.1938701600	-15.9620116719	-6.1297731299	I1
0	0	1	0
36.6369995100	-17.3863416119	-7.8706330199	I1
0	0	1	0
36.6369995100	11.4168171481	-8.8201870399	I1
0	0	1	0
36.6369995100	12.3664143081	-6.9210731399	I1
0	0	1	0
36.9535003700	11.7333180081	-6.2880332899	I1
0	0	1	0
37.2700988800	-16.1202720119	-5.6550031599	I1
0	26	0	0
20.5432731646	-1.6456395457	1.9901336916	V26
0	6	0	0
20.4945999167	-2.8264811919	3.0492570951	V6
0	3	0	0
35.1599344933	14.1599852781	-7.8706297133	V3
0	2	0	0
21.7606994700	-0.6108821319	3.9988569351	V2
0	2	0	0
26.6666992200	-5.5168818919	5.1066572251	V2
0	2	0	0
36.4787994400	11.4168674981	-6.4462930599	V2
0	2	0	0
21.7606994700	-0.2943812819	0.8336572751	V2
0	2	0	0
26.0336502100	-3.1429820519	12.7031057401	V2
0	2	0	0
22.2354003900	-1.8769320969	2.0997068501	V2
0	2	0	0
33.9466507000	11.7333180081	-7.5541129999	V2
0	2	0	0
36.3996490500	15.9272190581	-7.7915029899	V2
0	2	0	0
24.4511001600	-2.5099315119	1.7832059901	V2
0	2	0	0
33.8675003100	12.2872669731	-8.1080181049	V2
0	2	0	0
18.9119995100	-2.5099818619	2.4162569151	V2
0	1	0	0
0.0791284000	13.1577167981	-5.4967431899	V1
0	1	0	0
1.9782400200	-15.9620116719	-7.3958530299	V1
0	1	0	0
16.2216003400	-6.1499812619	0.8336073001	V1
0	1	0	0
16.8546005300	-6.1499812619	-0.7489633499	V1
0	1	0	0
17.1710998600	-2.6681819319	1.4667066601	V1
0	1	0	0
17.4876999000	-2.9847819719	2.7327077901	V1
0	1	0	0
17.4876999000	-2.3516810919	2.4162069501	V1
0	1	0	0
18.1207000700	-5.8333812219	1.7832059901	V1
0	1	0	0
18.1207000700	-5.2003825619	1.4667066601	V1
0	1	0	0
19.0701995900	-2.3516810919	0.2005972001	V1
0	1	0	0
19.3867996200	-3.3012813019	3.3658071601	V1
0	1	0	0
19.7033004800	-2.6681819319	4.3153066701	V1
0	1	0	0
19.7033004800	-1.0856822419	0.8336073001	V1
0	1	0	0
21.2858993600	-0.4525813519	0.8336073001	V1
0	1	0	0
21.9188995400	-2.6681819319	3.6823064901	V1
0	1	0	0
22.2354003900	-0.1360820219	2.0997068501	V1
0	1	0	0
22.2354003900	1.4465198981	2.7327077901	V1
0	1	0	0
22.5518997200	-3.3012813019	0.8336073001	V1
0	1	0	0
22.8684997600	-2.9847819719	1.7832059901	V1
0	1	0	0
23.1850006200	-2.3516810919	2.0997068501	V1
0	1	0	0
23.1850006200	-0.4525813519	2.4162069501	V1
0	1	0	0
23.1850006200	0.8135181981	3.0493063001	V1
0	1	0	0
23.5014984100	-4.5673823719	14.1274053601	V1
0	1	0	0
23.8179992700	-5.5168818919	4.9484075601	V1
0	1	0	0
23.8179992700	-5.5168818919	14.1274053601	V1
0	1	0	0
24.1345001200	0.1804188281	3.3658071601	V1
0	1	0	0
24.4511001600	-1.4021815719	1.4667066601	V1
0	1	0	0
24.7676010200	-2.6681819319	2.7327077901	V1
0	1	0	0
26.6666992200	-7.0994822919	3.9988073401	V1
0	1	0	0
31.7309997600	11.5751179281	-5.4967431899	V1
0	1	0	0
32.9971008400	10.6255177081	-7.7123729599	V1
0	1	0	0
33.3135986300	12.5246174381	-5.8132631199	V1
0	1	0	0
33.9466003400	-19.1272017919	-6.7628129899	V1
0	1	0	0
33.9466003400	17.2724171181	-7.0793331099	V1
0	1	0	0
34.2631012000	9.6760181981	-9.2949646499	V1
0	1	0	0
34.2631012000	13.1577167981	-7.7123729599	V1
0	1	0	0
34.2631012000	14.7403187281	-8.0288831599	V1
0	1	0	0
34.8962005600	16.3229176081	-8.6619260699	V1
0	1	0	0
35.2127014200	-16.9115619119	-7.3958530299	V1
0	1	0	0
35.2127014200	11.2586170681	-4.5471830299	V1
0	1	0	0
35.5291992200	7.4603168981	-4.8637029599	V1
0	1	0	0
35.5291992200	14.1072193681	-7.0793331099	V1
0	1	0	0
35.5291992200	15.3733173881	-8.6619260699	V1
0	1	0	0
35.5291992200	15.3733173881	-7.7123729599	V1
0	1	0	0
35.8457000800	-20.0767534319	-8.9784430299	V1
0	1	0	0
35.8457000800	-10.5811915819	-8.6619260699	V1
0	1	0	0
36.1622009300	13.7907185081	-7.3958530299	V1
0	1	0	0
36.1622009300	15.3733173881	-8.6619260699	V1
0	1	0	0
36.1622009300	16.3229176081	-8.9784430299	V1
0	1	0	0
4.0356098200	-16.1202720119	-6.2880332899	V1
0	1	0	0
17.3294006400	-0.2943812819	2.2580068701	V1
0	1	0	0
18.5955001800	-1.2438823219	0.3588567801	V1
0	1	0	0
36.7953003000	-17.5446017719	-8.0288831599	V1
0	1	0	0
19.5449997000	-1.5603816519	3.2075071401	V1
0	1	0	0
19.8615005500	-4.0925822719	2.2580068701	V1
0	1	0	0
19.8615005500	-3.7760814119	1.6249067501	V1
0	1	0	0
19.8615005500	-0.9273814619	0.0423368501	V1
0	1	0	0
34.8962005600	12.2081196381	-8.3454130099	V1
0	1	0	0
20.1781005900	0.3387180881	-0.9072229299	V1
0	1	0	0
20.1781005900	0.3387180881	1.3084066501	V1
0	1	0	0
20.4945999200	-2.1934825419	3.5240072301	V1
0	1	0	0
20.4945999200	0.0222187581	0.6754072301	V1
0	1	0	0
20.8110992400	-1.2438823219	4.4736074501	V1
0	1	0	0
21.1276001000	-0.9273814619	3.5240072301	V1
0	1	0	0
21.1276001000	-0.6108821319	1.6249067501	V1
0	1	0	0
21.4440994300	-1.2438823219	-1.5402528699	V1
0	1	0	0
21.4440994300	-1.2438823219	0.0423368501	V1
0	1	0	0
21.4440994300	-1.2438823219	2.5745069601	V1
0	1	0	0
21.4440994300	1.2882175981	2.2580068701	V1
0	1	0	0
21.7606994700	-1.8769816819	1.9414068301	V1
0	1	0	0
36.7953003000	11.5751179281	-8.9784430299	V1
0	1	0	0
36.7953003000	12.5246174381	-7.0793331099	V1
0	1	0	0
22.0771987900	-2.1934825419	1.3084066501	V1
0	1	0	0
22.3936996600	-3.1429820519	5.7397070001	V1
0	1	0	0
23.3432006900	-1.2438823219	1.6249067501	V1
0	1	0	0
23.3432006900	-0.2943812819	3.2075071401	V1
0	1	0	0
23.6598022500	0.0222187581	3.8406072701	V1
0	1	0	0
24.6093002300	-2.5099818619	2.2580068701	V1
0	1	0	0
24.9257980400	-4.7255824519	12.0700063801	V1
0	1	0	0
25.5588989300	-4.4090816019	11.1205068701	V1
0	1	0	0
37.4282989500	-16.2785319719	-5.8132631199	V1
0	1	0	0
27.1415008600	-1.8769816819	0.6754072301	V1
0	1	0	0
31.5726989800	12.3664143081	-6.2880332899	V1
0	1	0	0
32.5222961400	12.3664143081	-5.9715230899	V1
0	1	0	0
32.5222961400	13.9490192881	-6.2880332899	V1
0	1	0	0
21.2858993600	-0.7690822119	2.4162069501	V1
0	1	0	0
33.7884002800	13.9490192881	-9.1367040599	V1
0	1	0	0
34.1049011200	11.7333180081	-5.9715230899	V1
0	1	0	0
34.7378997800	14.8985188081	-8.5036660099	V1
0	1	0	0
35.0544006400	-17.7028619219	-7.5541129999	V1
0	1	0	0
35.0544006400	13.3159168781	-7.2375930699	V1
0	1	0	0
35.6875000000	-17.3863416119	-7.2375930699	V1
0	1	0	0
35.6875000000	9.8342182681	-6.9210731399	V1
0	1	0	0
36.0040008500	-12.9550815119	-8.5036660099	V1
0	1	0	0
36.0040008500	11.4168171481	-6.2880332899	V1
0	1	0	0
36.6369995100	-10.4229320019	-8.5036660099	V1
0	1	0	0
36.6369995100	16.1646168281	-8.1871530499	V1
0	1	0	0
37.2700988800	12.0499195581	-6.6045528299	V1
0	1	0	0
37.5865997400	-17.7028619219	-8.1871530499	V1
0	1	0	0
37.9031005900	-10.7394519319	-8.8201870399	V1

92
146
0	0	51	0
12.9757177325	2.8093909977	-1.8664010805	I51
0	0	23	0
20.0542001504	0.9786752117	-2.3460361153	I23
0	0	15	0
10.6613998427	-4.8360866263	0.6787819741	I15
0	0	11	0
17.4301183573	0.7816430234	4.0137402766	I11
0	0	3	0
20.3890670800	-0.9112539590	-1.6212543913	I3
0	0	3	0
20.4945668567	-0.4892533357	-0.9882140279	I3
0	0	3	0
15.1137664800	-1.0167539890	0.4888820221	I3
0	0	3	0
20.5473332767	0.3020461044	-3.2565973113	I3
0	0	2	0
12.1859504700	1.5945296244	-2.7554457779	I2
0	0	2	0
19.1493499800	0.9614790894	-2.2806708479	I2
0	0	1	0
12.4233993500	1.3570799744	-1.8850211280	I1
0	0	1	0
13.3729003900	2.6231795244	-3.1510909179	I1
0	0	1	0
14.0059005700	3.5727797444	-2.5180510679	I1
0	0	1	0
14.9554992700	6.4213789943	-4.7336905580	I1
0	0	1	0
17.1710998600	6.7379790243	-2.2015410580	I1
0	0	1	0
17.4876999000	6.7379790243	-2.5180510679	I1
0	0	1	0
18.1207000700	-3.7071709656	2.8627495621	I1
0	0	1	0
20.0197998100	-0.5420197556	-1.2519805079	I1
0	0	1	0
20.3363006600	1.9901793443	4.7618492921	I1
0	0	1	0
20.6527999900	-5.9228005457	3.8123497821	I1
0	0	1	0
20.9694000300	3.5727797444	-0.9354605779	I1
0	0	1	0
21.2858993600	2.9396788644	-1.5685011979	I1
0	0	1	0
21.6024017300	3.2562788944	-1.5685011979	I1
0	0	1	0
8.4668701200	-6.3975804357	4.6036492221	I1
0	0	1	0
9.4164299000	-7.9801705356	-0.1441504579	I1
0	0	1	0
9.7329498300	-5.4480202756	-3.9423911179	I1
0	0	1	0
12.2651001000	2.7814787843	-1.4102408479	I1
0	0	1	0
12.8981002800	1.8318800944	-2.9928305779	I1
0	0	1	0
14.1641998300	-1.3333207156	0.8053490521	I1
0	0	1	0
14.4807006900	-1.0167206756	0.4888489721	I1
0	0	1	0
14.4807006900	-0.3837204957	0.4888489721	I1
0	0	1	0
17.3294006400	2.4649794544	-2.6763106479	I1
0	0	1	0
19.2285003700	0.2492796844	-2.0432807079	I1
0	0	1	0
19.5449997000	0.2492796844	-1.7267607779	I1
0	0	1	0
19.8615005500	0.8823790543	-3.3093505079	I1
0	0	1	0
19.8615005500	2.1483794243	5.2366494021	I1
0	0	1	0
20.4945999200	3.4144789643	-1.4102408479	I1
0	0	1	0
20.8110992400	-0.7002205856	-1.4102408479	I1
0	0	1	0
20.8110992400	-0.3837204957	3.9705498621	I1
0	0	1	0
23.3432006900	0.5658797244	2.7045494921	I1
0	87	0	0
14.9445873414	-0.7893758492	0.6980625943	V87
0	3	0	0
14.1114339167	-0.5420197556	3.2847491754	V3
0	2	0	0
12.8981002800	-0.2254704506	0.1723488721	V2
0	2	0	0
16.5380996700	0.4075789444	-1.0937205429	V2
0	2	0	0
13.0563995400	-2.2828705806	3.1792488921	V2
0	2	0	0
14.0059005700	-2.9158703806	1.5966500121	V2
0	2	0	0
13.2938003550	-2.5202202806	2.3088494171	V2
0	2	0	0
13.6894500750	-2.2828202256	3.0210488220	V2
0	1	0	0
12.7399002100	-0.8585205956	-0.6189406479	V1
0	1	0	0
13.3729003900	-3.3906502756	0.0140488520	V1
0	1	0	0
10.8407997100	-3.0741303456	2.5462487121	V1
0	1	0	0
14.0059005700	-4.3402108256	2.5462487121	V1
0	1	0	0
14.0059005700	-4.0236908957	3.4957497421	V1
0	1	0	0
14.9554992700	-3.0741303456	2.5462487121	V1
0	1	0	0
14.9554992700	-1.8080208856	3.8123497821	V1
0	1	0	0
15.5884994600	-0.5420197556	4.1288491121	V1
0	1	0	0
15.9050994900	-1.1750206956	1.2801491721	V1
0	1	0	0
15.9050994900	-0.5420197556	-0.9354605779	V1
0	1	0	0
16.5380996700	-0.2254212456	0.3306488821	V1
0	1	0	0
16.5380996700	-0.2254212456	4.1288491121	V1
0	1	0	0
19.0701995900	2.3066786744	-1.5685011979	V1
0	1	0	0
19.7033004800	0.7240797944	-3.4676108480	V1
0	1	0	0
11.3154998800	-1.9663208957	1.4384491821	V1
0	1	0	0
11.9486000100	-2.2828202256	2.0714493621	V1
0	1	0	0
11.9486000100	-1.9663208957	3.6540490021	V1
0	1	0	0
12.8981002800	-4.1819504756	3.9705498621	V1
0	1	0	0
13.2147003200	-1.3333207156	2.3879494521	V1
0	1	0	0
12.4233993500	-1.1750206956	2.8627495621	V1
0	1	0	0
13.8477005000	-3.8654305456	3.9705498621	V1
0	1	0	0
14.4807006900	-1.0167206756	-0.4606505480	V1
0	1	0	0
14.7972000200	0.8823790543	0.4888489721	V1
0	1	0	0
14.7972000200	1.1988799043	1.7549492720	V1
0	1	0	0
15.4302993800	-1.9663208957	-0.1441504579	V1
0	1	0	0
15.4302993800	0.2492796844	-0.4606505480	V1
0	1	0	0
15.7468002300	-2.2828202256	0.8053490521	V1
0	1	0	0
15.7468002300	-0.7002205856	-0.4606505480	V1
0	1	0	0
15.7468002300	-0.0672204056	2.3879494521	V1
0	1	0	0
15.7468002300	1.8318800944	-1.0937209279	V1
0	1	0	0
16.0632995600	-1.3333207156	3.9705498621	V1
0	1	0	0
16.0632995600	0.5658797244	-0.4606505480	V1
0	1	0	0
16.0632995600	1.5153792344	-1.4102408479	V1
0	1	0	0
16.3798004200	-0.3837204957	3.6540490021	V1
0	1	0	0
16.3798004200	1.1988799043	1.7549492720	V1
0	1	0	0
17.0128997800	1.1988799043	-1.0937209279	V1
0	1	0	0
17.3294006400	-0.7002205856	0.4888489721	V1
0	1	0	0
17.6458999700	1.5153792344	0.4888489721	V1
0	1	0	0
17.6458999700	1.5153792344	1.4384491821	V1
0	1	0	0
17.9623992900	-1.9663208957	-2.3598006379	V1
0	1	0	0
18.5955001800	1.5153792344	-2.0432807079	V1
0	1	0	0
18.9119995100	1.5153792344	-0.4606505480	V1
0	1	0	0
19.2285003700	0.5658797244	0.1723488721	V1
0	1	0	0
21.1276001000	1.5153792344	0.1723488721	V1

94
162
0	0	62	0
19.0396112268	-0.1354405448	2.3822072344	I62
0	0	23	0
12.8430956643	2.3110108725	-4.4631166221	I23
0	0	18	0
18.4108276356	-3.9730869061	-1.6851671475	I18
0	0	4	0
15.6676746400	0.3086992667	4.6540194200	I4
0	0	3	0
20.1253336633	-0.3243428750	0.2227443641	I3
0	0	3	0
18.0679331433	-4.5973429583	-1.8346228325	I3
0	0	2	0
11.7111999600	2.9199739867	0.1435942275	I2
0	0	1	0
10.2077003500	8.5382242617	-7.0571954125	I1
0	0	1	0
11.7903000000	-2.2234761783	-4.2085259825	I1
0	0	1	0
13.3729003900	2.2078241717	-3.8920060525	I1
0	0	1	0
13.6893997200	-3.1729756883	0.2227438575	I1
0	0	1	0
14.0059005700	-2.8564763583	-2.9424455025	I1
0	0	1	0
14.0059005700	2.5243235017	-3.8920060525	I1
0	0	1	0
15.5884994600	-0.3243764383	4.3374441775	I1
0	0	1	0
15.9050994900	-0.0077764083	4.3374441775	I1
0	0	1	0
16.2216003400	-0.0077764083	4.9705450575	I1
0	0	1	0
17.4876999000	-4.4390759983	-1.9928559725	I1
0	0	1	0
18.4371994000	-1.2738759583	4.0209448475	I1
0	0	1	0
18.7537002600	0.3087244417	2.7548437775	I1
0	0	1	0
19.7033004800	-0.3243764383	0.8557440375	I1
0	0	1	0
20.3363006600	0.9417246317	0.5392447075	I1
0	0	1	0
20.6527999900	1.2582239617	-2.6259553325	I1
0	0	1	0
21.9188995400	-6.0216657183	4.0209448475	I1
0	0	1	0
22.8684997600	-10.4529256383	3.0714438075	I1
0	0	1	0
23.1850006200	-3.8060750583	3.7044439875	I1
0	0	1	0
9.4164299000	-3.0147756183	4.1792440975	I1
0	0	1	0
11.3154998800	2.9991236117	-0.2520554925	I1
0	0	1	0
11.6320999200	-7.7625257083	0.0644445975	I1
0	0	1	0
11.6320999200	1.7330240717	-2.1511559825	I1
0	0	1	0
11.9486000100	-4.9138760983	7.0278448675	I1
0	0	1	0
12.2651001000	-4.9138760983	7.3444449075	I1
0	0	1	0
12.5816001900	2.9991236117	-4.3667855625	I1
0	0	1	0
12.8981002800	2.0495233917	-4.0502656325	I1
0	0	1	0
14.1641998300	2.9991236117	-4.3667855625	I1
0	0	1	0
15.1138000500	7.7469263517	-6.2658959725	I1
0	0	1	0
15.4302993800	-0.7990758483	4.8122442875	I1
0	0	1	0
15.4302993800	0.1504236617	4.1792440975	I1
0	0	1	0
15.7468002300	-0.7990758483	5.1287436075	I1
0	0	1	0
15.7468002300	-0.4825765183	4.8122442875	I1
0	0	1	0
15.7468002300	1.1000238817	-0.8850556725	I1
0	0	1	0
16.0632995600	-0.4825765183	5.1287436075	I1
0	0	1	0
17.9623992900	-0.1660756683	3.5461447375	I1
0	0	1	0
18.2789001500	-1.7486760683	3.5461447375	I1
0	0	1	0
18.5955001800	-1.4321752083	3.5461447375	I1
0	0	1	0
18.5955001800	-1.1156758783	3.2296438775	I1
0	0	1	0
18.9119995100	-8.0790357183	1.0140448175	I1
0	0	1	0
19.2285003700	-0.4825765183	1.3305441475	I1
0	0	1	0
20.1781005900	0.4669245217	1.3305441475	I1
0	0	1	0
20.1781005900	3.6321238017	3.5461447375	I1
0	0	1	0
20.4945999200	-0.1660756683	0.3810446375	I1
0	0	1	0
21.4440994300	-5.8633756183	4.4957449575	I1
0	0	1	0
22.7102005000	-0.7990758483	-8.1650056225	I1
0	0	1	0
23.0267013600	-9.9781560483	3.5461447375	I1
0	0	1	0
26.8250000000	-1.7486760683	1.6470450075	I1
0	115	0	0
15.7426701843	0.9775241367	-0.9442496779	V115
0	3	0	0
15.2192998267	1.2055241683	1.6470450075	V3
0	2	0	0
13.6893997200	1.4165239817	-2.6259553325	V2
0	2	0	0
15.5884994600	0.1504740167	2.4383444375	V2
0	2	0	0
16.5380996700	1.2582239617	1.3305449075	V2
0	2	0	0
17.1710998600	3.1573236917	-1.5181062125	V2
0	2	0	0
16.6964004600	-1.4321752083	-1.9929059325	V2
0	2	0	0
23.9763000500	-7.9207807133	4.8122442875	V2
0	1	0	0
15.2720001200	-0.3243764383	1.1722448875	V1
0	1	0	0
15.9050994900	-1.2738759583	2.1218435875	V1
0	1	0	0
16.2216003400	-1.5903752883	-0.7268548425	V1
0	1	0	0
16.2216003400	-0.0077764083	3.3879446575	V1
0	1	0	0
16.5380996700	-0.6408757783	0.8557440375	V1
0	1	0	0
16.5380996700	1.8913248417	1.4888449275	V1
0	1	0	0
17.4876999000	0.9417246317	0.5392447075	V1
0	1	0	0
17.8042007400	2.5243235017	-2.9424455025	V1
0	1	0	0
18.1207000700	0.6252237717	0.5392447075	V1
0	1	0	0
19.3867996200	1.2582239617	-1.9928559725	V1
0	1	0	0
20.0197998100	-2.8564763583	3.7044439875	V1
0	1	0	0
21.2858993600	-5.0720761883	2.4383444375	V1
0	1	0	0
21.2858993600	-4.4390759983	1.8053442575	V1
0	1	0	0
12.2651001000	-4.5973760183	4.4957449575	V1
0	1	0	0
12.2651001000	-2.3816762483	4.4957449575	V1
0	1	0	0
14.1641998300	-0.1660756683	1.0140448175	V1
0	1	0	0
14.1641998300	0.4669245217	-0.2520554925	V1
0	1	0	0
14.4807006900	-0.4825765183	-2.7841554025	V1
0	1	0	0
14.4807006900	-0.4825765183	-2.1511559825	V1
0	1	0	0
14.7972000200	1.7330240717	-1.5181558025	V1
0	1	0	0
14.7972000200	3.9486246517	-1.8346558825	V1
0	1	0	0
12.4233993500	-3.1729756883	4.0209448475	V1
0	1	0	0
16.3798004200	-2.3816762483	-5.6328553625	V1
0	1	0	0
16.3798004200	1.4165247417	-1.5181558025	V1
0	1	0	0
14.0059005700	1.2582239617	0.5392447075	V1
0	1	0	0
16.6964004600	0.4669245217	1.6470450075	V1
0	1	0	0
16.6964004600	4.2652246917	-1.5181558025	V1
0	1	0	0
17.6458999700	0.7835245617	-0.2520554925	V1
0	1	0	0
21.7606994700	-4.5973760183	2.5966436975	V1
0	1	0	0
22.7102005000	-7.4460057783	4.1792440975	V1
0	1	0	0
14.9554992700	0.9417246317	-2.6259553325	V1
0	1	0	0
24.6093002300	-7.4460057783	5.1287436075	V1

112
103
0	0	40	0
21.7329623442	0.3054227360	0.1806501756	I40
0	0	8	0
18.4371999738	-0.7509569990	-0.9706782366	I8
0	0	7	0
22.6423712629	4.7372280345	-1.9937201400	I7
0	0	4	0
14.0850753775	-4.9052573115	-2.0389371904	I4
0	0	3	0
20.1780670200	0.5546760926	-0.5091000895	I3
0	0	3	0
14.3752339700	5.9354759660	1.4955001771	I3
0	0	2	0
14.2433502200	-5.0635075490	-1.6432872779	I2
0	0	2	0
19.9406501800	0.9502925010	-0.5354667679	I2
0	0	2	0
21.2067497300	1.7415927060	-0.0607173929	I2
0	0	2	0
18.6746002200	-0.3157574540	-0.6937118529	I2
0	0	1	0
14.0059005700	-5.9339573740	5.8740325871	I1
0	0	1	0
14.3225006100	-3.7183575540	-4.5710872629	I1
0	0	1	0
17.4876999000	-3.0852566640	2.7088333071	I1
0	0	1	0
17.8042007400	1.0294421260	4.6079330371	I1
0	0	1	0
18.4371994000	-0.2366574140	-1.0893768329	I1
0	0	1	0
20.0197998100	0.7129427960	-0.1398674029	I1
0	0	1	0
21.6024017300	0.7129427960	-1.0893768329	I1
0	0	1	0
21.9188995400	-0.8696576040	0.1767326271	I1
0	0	1	0
21.9188995400	0.3964434660	-0.4563667329	I1
0	0	1	0
22.2354003900	5.1441424460	-2.3554573129	I1
0	0	1	0
25.0841018800	-2.4522580040	1.7593322671	I1
0	0	1	0
13.2147003200	0.2381426960	-3.1467468329	I1
0	0	1	0
13.8477005000	-5.4591572640	-1.5641571029	I1
0	0	1	0
14.4807006900	-4.1930569540	-4.0963073729	I1
0	0	1	0
14.7972000200	-5.4591572640	-1.8806770329	I1
0	0	1	0
14.7972000200	-4.1930569540	-4.4128269229	I1
0	0	1	0
15.1138000500	-4.5096569940	-4.4128269229	I1
0	0	1	0
19.5449997000	-4.8261570840	-3.1467468329	I1
0	0	1	0
20.1781005900	1.1877429060	0.0184326171	I1
0	0	1	0
20.8110992400	-3.8765576240	2.2340331971	I1
0	0	1	0
21.4440994300	0.5546420160	0.9680328371	I1
0	0	1	0
21.4440994300	3.7198428260	-1.5641571029	I1
0	0	1	0
21.7606994700	0.2381426960	-0.9311172529	I1
0	0	1	0
21.7606994700	1.1877429060	-0.2980667129	I1
0	0	1	0
22.7102005000	4.6694415160	-2.5137168929	I1
0	0	1	0
22.7102005000	5.3024432260	-1.5641571029	I1
0	0	1	0
26.1919006400	6.8850421060	2.8671325671	I1
0	0	1	0
26.5084014900	3.4033419660	6.9818328871	I1
0	0	1	0
27.1415008600	2.4537432760	4.4497329671	I1
0	0	1	0
27.7744995100	-1.0279568540	-0.9311172529	I1
0	19	0	0
16.4131632800	-2.2606733067	-0.7478606392	V19
0	4	0	0
16.0633499150	-3.6392323415	-0.8519868854	V4
0	3	0	0
22.0243998233	2.9285433860	1.0207328838	V3
0	3	0	0
21.1803995833	2.2955432060	2.1813329038	V3
0	3	0	0
16.4325998933	-2.4522580040	0.5987322438	V3
0	2	0	0
15.1138000500	-1.3444577140	-0.1398170479	V2
0	2	0	0
16.0632995600	-4.1930569540	-0.7728420279	V2
0	2	0	0
16.0632995600	-0.3948574940	-0.1398170479	V2
0	2	0	0
22.0771987900	2.9285929810	1.6010330171	V2
0	1	0	0
16.8546005300	-3.7183575540	-1.4058967629	V1
0	1	0	0
16.8546005300	-0.5531567440	0.4932319571	V1
0	1	0	0
15.2720001200	-2.7687573340	-0.1398674029	V1
0	1	0	0
17.8042007400	0.0799426260	-2.3554573129	V1
0	1	0	0
19.0701995900	1.3459429860	2.0758331271	V1
0	1	0	0
20.3363006600	1.9790423460	-1.7224174529	V1
0	1	0	0
20.3363006600	3.5616427560	-1.0893768329	V1
0	1	0	0
21.2858993600	3.8781420860	3.3418334871	V1
0	1	0	0
21.6024017300	1.9790423460	1.1262329171	V1
0	1	0	0
21.9188995400	-0.2366574140	-0.1398674029	V1
0	1	0	0
17.4876999000	-3.0852566640	-2.6719673229	V1
0	1	0	0
22.5518997200	4.5111422660	0.1767326271	V1
0	1	0	0
22.8684997600	1.9790423460	0.1767326271	V1
0	1	0	0
22.8684997600	1.9790423460	4.2914321871	V1
0	1	0	0
23.1850006200	1.3459429860	1.4427337571	V1
0	1	0	0
23.1850006200	1.9790423460	-1.0893768329	V1
0	1	0	0
23.5014984100	4.1946444560	1.1262329171	V1
0	1	0	0
23.8179992700	1.3459429860	1.7593322671	V1
0	1	0	0
24.1345001200	4.1946444560	0.8097328171	V1
0	1	0	0
24.1345001200	4.1946444560	2.3923324571	V1
0	1	0	0
24.4511001600	1.6624423160	3.6584335271	V1
0	1	0	0
24.7676010200	0.0799426260	2.3923324571	V1
0	1	0	0
24.7676010200	2.6120425360	2.0758331271	V1
0	1	0	0
13.8477005000	-2.2939572240	0.6514327971	V1
0	1	0	0
15.1138000500	-3.5600567740	1.2845329271	V1
0	1	0	0
15.1138000500	-3.2435574440	-0.2980667129	V1
0	1	0	0
15.7468002300	-4.1930569540	0.0184326171	V1
0	1	0	0
15.7468002300	-1.3444577140	-0.9311172529	V1
0	1	0	0
15.2720001200	-2.4522580040	-2.9884971629	V1
0	1	0	0
15.5884994600	-1.1861569340	1.1262329171	V1
0	1	0	0
16.3798004200	-3.8765576240	-1.2476371829	V1
0	1	0	0
16.3798004200	-3.2435574440	-1.8806770329	V1
0	1	0	0
16.6964004600	-3.8765576240	-1.8806770329	V1
0	1	0	0
16.6964004600	-3.5600567740	-0.6145668029	V1
0	1	0	0
16.6964004600	-1.6609570440	-1.5641571029	V1
0	1	0	0
17.0128997800	-2.9270565840	-1.8806770329	V1
0	1	0	0
17.6458999700	-2.9270565840	0.6514327971	V1
0	1	0	0
17.6458999700	-2.6105572540	-1.8806770329	V1
0	1	0	0
17.9623992900	-4.8261570840	-1.5641571029	V1
0	1	0	0
17.9623992900	-0.3948574940	-2.5137168929	V1
0	1	0	0
18.5955001800	1.5042422360	0.3349327171	V1
0	1	0	0
18.9119995100	-3.8765576240	0.0184326171	V1
0	1	0	0
20.1781005900	6.2520449760	0.3349327171	V1
0	1	0	0
20.8110992400	2.4537432760	1.6010330171	V1
0	1	0	0
21.1276001000	2.1372424260	2.8671325671	V1
0	1	0	0
21.1276001000	2.4537432760	4.7662322971	V1
0	1	0	0
21.1276001000	2.7703433160	2.2340331971	V1
0	1	0	0
21.4440994300	3.0868426460	2.8671325671	V1
0	1	0	0
16.2216003400	-2.1357571540	2.0758331271	V1
0	1	0	0
22.0771987900	3.4033419660	0.3349327171	V1
0	1	0	0
22.3936996600	2.1372424260	1.2845329271	V1
0	1	0	0
22.3936996600	2.4537432760	2.8671325671	V1
0	1	0	0
22.7102005000	3.0868426460	2.8671325671	V1
0	1	0	0
22.7102005000	4.0363421560	-0.2980667129	V1
0	1	0	0
23.0267013600	2.7703433160	1.6010330171	V1
0	1	0	0
23.0267013600	3.7198428260	0.3349327171	V1
0	1	0	0
23.3432006900	2.1372424260	1.2845329271	V1
0	1	0	0
23.3432006900	3.0868426460	0.3349327171	V1
0	1	0	0
23.3432006900	3.4033419660	1.9175331071	V1
0	1	0	0
23.6598022500	2.1372424260	2.8671325671	V1
0	1	0	0
24.6093002300	-0.7113568140	1.9175331071	V1
0	1	0	0
25.8753997800	-1.0279568540	2.8671325671	V1
0	1	0	0
26.5084014900	3.7198428260	-0.2980667129	V1

117
145
0	0	57	0
20.2613544960	-1.7822931299	4.3709222472	I57
0	0	9	0
24.3631332411	-0.2681888761	-2.6832077874	I9
0	0	8	0
23.8971502325	-0.8264958454	-2.1468639413	I8
0	0	5	0
21.5391003440	3.6601665983	-3.4604432743	I5
0	0	4	0
19.1493499800	0.9539164433	3.5504859887	I4
0	0	3	0
23.7124989833	3.8289675583	-3.3338630763	I3
0	0	3	0
21.4968668633	3.4069328550	-3.8613304163	I3
0	0	2	0
19.7824005150	-0.4703831717	4.5000358587	I2
0	0	2	0
21.9980491650	-3.7938832417	-2.3051139863	I2
0	0	1	0
14.0059005700	0.2417666283	-6.8155639663	I1
0	0	1	0
14.6389999400	2.7738665483	-6.4989639363	I1
0	0	1	0
16.5380996700	1.1912661483	4.2626380837	I1
0	0	1	0
17.8042007400	0.5582659583	4.2626380837	I1
0	0	1	0
17.8042007400	0.8747668183	4.5791358937	I1
0	0	1	0
17.8042007400	1.1912661483	4.8956367437	I1
0	0	1	0
11.1572990400	-2.9234341717	-10.9302635263	I1
0	0	1	0
18.1207000700	0.5582659583	3.9461357137	I1
0	0	1	0
18.4371994000	-1.3408337717	6.7947364737	I1
0	0	1	0
18.4371994000	0.5582659583	3.6296363837	I1
0	0	1	0
18.7537002600	1.5078661783	4.5791358937	I1
0	0	1	0
18.7537002600	1.8243670383	4.2626380837	I1
0	0	1	0
17.8042007400	1.5078661783	5.2121360737	I1
0	0	1	0
19.7033004800	-3.5564328317	-9.6641937263	I1
0	0	1	0
19.7033004800	-3.2399335017	-9.9807037363	I1
0	0	1	0
20.3363006600	-4.1895337217	4.8956367437	I1
0	0	1	0
20.6527999900	-3.8730328717	4.8956367437	I1
0	0	1	0
20.9694000300	3.7234682883	-3.6503639263	I1
0	0	1	0
21.6024017300	-4.1895337217	-2.3842643763	I1
0	0	1	0
21.9188995400	-4.1895337217	-2.7007637063	I1
0	0	1	0
24.1345001200	-1.0243329117	-2.7007637063	I1
0	0	1	0
24.1345001200	3.0904665883	-3.0172630363	I1
0	0	1	0
24.1345001200	3.4069659183	-3.3338630763	I1
0	0	1	0
24.4511001600	-0.0747327017	-3.3338630763	I1
0	0	1	0
24.7676010200	3.7234682883	-2.3842643763	I1
0	0	1	0
26.0337005600	4.9895663183	4.2626380837	I1
0	0	1	0
26.3502014200	4.6729662783	1.7304359437	I1
0	0	1	0
29.8319000300	-5.7721326017	-4.5998634363	I1
0	0	1	0
9.7329498300	-1.8156338817	-6.0242637663	I1
0	0	1	0
12.5816001900	0.3999667083	-9.5059234663	I1
0	0	1	0
12.5816001900	0.7165667383	-9.8224433963	I1
0	0	1	0
14.7972000200	-3.3982327517	5.0539360137	I1
0	0	1	0
18.2789001500	1.0330660683	4.4209358237	I1
0	0	1	0
18.2789001500	1.3495669283	4.1043357837	I1
0	0	1	0
18.5955001800	1.0330660683	4.1043357837	I1
0	0	1	0
20.4945999200	0.0834658483	-3.8085639963	I1
0	0	1	0
20.8110992400	3.8817660283	-4.1250633263	I1
0	0	1	0
20.8110992400	7.3634661583	-1.9094642663	I1
0	0	1	0
21.4440994300	7.6799654883	-1.2764640863	I1
0	0	1	0
23.6598022500	-0.5495328017	-2.8590629563	I1
0	0	1	0
23.9763000500	-1.1825329817	-1.9094642663	I1
0	0	1	0
23.9763000500	-0.8660336617	-1.5929634163	I1
0	0	1	0
23.9763000500	0.0834658483	-2.5425636263	I1
0	0	1	0
23.9763000500	3.5651659883	-2.8590629563	I1
0	0	1	0
24.2927993800	3.8817660283	-2.8590629563	I1
0	0	1	0
26.1919006400	-1.4991330217	2.8383369437	I1
0	0	1	0
27.7744995100	1.0330660683	-9.8224433963	I1
0	0	1	0
28.7240997300	-3.3982327517	-5.7076637263	I1
0	0	1	0
29.3571014400	-5.9303334317	-6.6572639463	I1
0	0	1	0
29.6735992500	-5.9303334317	-6.3407638463	I1
0	0	1	0
29.9901001000	-5.2973332517	-4.1250633263	I1
0	0	1	0
36.3204986600	-3.0817334217	-3.4920631463	I1
0	83	0	0
21.5413842110	0.9358014571	0.2089050911	V83
0	3	0	0
22.1299001067	2.3518669350	-1.1181633063	V3
0	2	0	0
23.1850006200	0.8747668183	-0.6434135463	V2
0	2	0	0
13.6893997200	-1.8155835267	-9.6641937263	V2
0	2	0	0
21.6024017300	-0.8660832467	0.6226867587	V2
0	2	0	0
20.4945999200	1.8243166833	-0.6433631863	V2
0	2	0	0
22.7102005000	0.7165667383	-0.4851135263	V2
0	1	0	0
18.7537002600	-1.0243329117	0.7809364237	V1
0	1	0	0
20.9694000300	-1.6573331017	1.7304359437	V1
0	1	0	0
20.9694000300	4.0399660983	-2.3842643763	V1
0	1	0	0
21.2858993600	3.7234682883	0.1479362537	V1
0	1	0	0
21.6024017300	-1.3408337717	-1.7512641863	V1
0	1	0	0
21.6024017300	1.1912661483	-1.4346641563	V1
0	1	0	0
21.9188995400	-2.9234341717	-2.0677635263	V1
0	1	0	0
21.9188995400	1.8243670383	1.7304359437	V1
0	1	0	0
21.2858993600	0.2417666283	-3.3338630763	V1
0	1	0	0
22.2354003900	0.5582659583	1.4139366137	V1
0	1	0	0
22.5518997200	3.4069659183	0.4644370937	V1
0	1	0	0
23.1850006200	2.1408663683	0.7809364237	V1
0	1	0	0
23.5014984100	-2.2904339817	-0.8016639763	V1
0	1	0	0
23.5014984100	0.8747668183	-1.4346641563	V1
0	1	0	0
25.7170990000	-2.2904339817	-2.3842643763	V1
0	1	0	0
31.0980011000	-6.0886334417	-3.9668632563	V1
0	1	0	0
31.7309997600	-5.4555340917	-6.1824646063	V1
0	1	0	0
32.6804992700	-5.1390332317	-4.9163642963	V1
0	1	0	0
13.2147003200	-1.1825329817	-10.4554840063	V1
0	1	0	0
14.4807006900	-2.4486340617	-8.5563735963	V1
0	1	0	0
15.4302993800	-3.7147336117	-8.5563735963	V1
0	1	0	0
15.7468002300	-4.3477337917	-9.8224433963	V1
0	1	0	0
15.7468002300	0.0834658483	-6.9737632763	V1
0	1	0	0
17.3294006400	-1.1825329817	-5.3911636363	V1
0	1	0	0
17.3294006400	2.2991671483	-1.5929634163	V1
0	1	0	0
19.2285003700	-3.0817334217	2.5217369037	V1
0	1	0	0
19.2285003700	2.2991671483	0.3061363237	V1
0	1	0	0
19.8615005500	-0.5495328017	-4.1250633263	V1
0	1	0	0
19.8615005500	1.3495669283	-0.9599632263	V1
0	1	0	0
19.8615005500	3.8817660283	-0.3268638663	V1
0	1	0	0
20.1781005900	1.3495669283	0.3061363237	V1
0	1	0	0
20.1781005900	1.3495669283	1.5722358637	V1
0	1	0	0
14.9554992700	-2.6069333217	-8.7146339463	V1
0	1	0	0
21.1276001000	2.9321657983	1.5722358637	V1
0	1	0	0
15.2720001200	0.5582659583	-7.7650733963	V1
0	1	0	0
21.7606994700	-0.5495328017	0.9391365037	V1
0	1	0	0
22.0771987900	2.2991671483	0.9391365037	V1
0	1	0	0
22.0771987900	2.6156664783	-1.5929634163	V1
0	1	0	0
22.3936996600	-1.8156338817	-0.3268638663	V1
0	1	0	0
22.3936996600	1.0330660683	-2.2259635963	V1
0	1	0	0
22.3936996600	2.9321657983	-0.9599632263	V1
0	1	0	0
21.4440994300	-0.2330334717	1.5722358637	V1
0	1	0	0
23.0267013600	1.0330660683	-0.0103630063	V1
0	1	0	0
23.0267013600	1.3495669283	0.6226356437	V1
0	1	0	0
23.3432006900	0.0834658483	0.3061363237	V1
0	1	0	0
23.6598022500	0.3999667083	1.8887367237	V1
0	1	0	0
23.6598022500	2.2991671483	-2.5425636263	V1
0	1	0	0
31.5726989800	-4.6642331217	-5.7076637263	V1
0	1	0	0
31.8891998400	-5.6138333417	-5.7076637263	V1

90
77
0	0	42	0
17.8004047952	-0.8796775116	0.0294528658	I42
0	0	4	0
16.7755001100	-0.4614051141	0.3308979626	I4
0	0	3	0
16.6436335300	-0.6196802066	-0.4340351749	I3
0	0	2	0
10.4451000250	-1.4901297866	-4.8916514749	I2
0	0	2	0
19.6241500900	-0.6988303416	-2.9925513649	I2
0	0	2	0
25.7962493900	5.9480705934	9.1934479351	I2
0	0	1	0
9.8912101800	-1.2526793766	-3.0717009949	I1
0	0	1	0
10.5241996800	-5.6839698066	-2.7551024849	I1
0	0	1	0
10.8407997100	-1.8857802666	-4.9708014849	I1
0	0	1	0
14.3225006100	4.4446198234	-1.8056014449	I1
0	0	1	0
15.2720001200	-1.2526793766	-3.7047019349	I1
0	0	1	0
15.2720001200	1.5959198734	-8.1359618549	I1
0	0	1	0
15.5884994600	-1.5692794166	-3.7047019349	I1
0	0	1	0
15.5884994600	-1.2526793766	-3.3882018349	I1
0	0	1	0
11.6320999200	3.3368195234	1.8343979451	I1
0	0	1	0
13.8477005000	2.0707199834	-4.1795020349	I1
0	0	1	0
13.8477005000	3.9698197134	-1.9638015149	I1
0	0	1	0
13.8477005000	4.2863205634	-1.6473021849	I1
0	0	1	0
14.1641998300	2.0707199834	-3.8630019549	I1
0	0	1	0
14.1641998300	2.3872193034	1.5178986251	I1
0	0	1	0
14.4807006900	-1.0944792966	-7.3446616549	I1
0	0	1	0
15.4302993800	-2.0439803366	-1.6473021849	I1
0	0	1	0
17.0128997800	-0.4613799366	-0.0647017849	I1
0	0	1	0
17.0128997800	-0.1448806066	0.2517975451	I1
0	0	1	0
17.6458999700	-1.4109801566	-0.3813018149	I1
0	0	1	0
24.6093002300	-2.3604796666	6.2655975951	I1
0	0	1	0
24.6093002300	-2.0439803366	5.9490982651	I1
0	0	1	0
24.9257980400	9.3506180534	-4.4960021349	I1
0	8	0	0
17.8635124225	1.2201077221	3.6741354563	V8
0	4	0	0
14.4807502750	-2.6770301116	-2.7551024849	V4
0	2	0	0
17.9624504050	-1.5692794166	-4.9708014849	V2
0	2	0	0
19.3867996200	-0.1449301966	-6.5533721349	V2
0	2	0	0
18.4371994000	1.4376702084	2.6256989051	V2
0	2	0	0
17.2502502500	0.8837700584	3.0212982751	V2
0	2	0	0
18.4372001650	2.0707199834	2.7838974551	V2
0	1	0	0
13.6893997200	-1.8857802666	-3.3882018349	V1
0	1	0	0
15.5884994600	-0.9361800466	-8.1359618549	V1
0	1	0	0
15.5884994600	2.2290207534	2.6256989051	V1
0	1	0	0
16.2216003400	2.8620194134	3.5751984251	V1
0	1	0	0
12.7399002100	0.9629196834	-3.0717009949	V1
0	1	0	0
16.8546005300	-0.3031798666	2.6256989051	V1
0	1	0	0
17.1710998600	2.2290207534	5.1577988251	V1
0	1	0	0
17.4876999000	-1.8857802666	-0.5395018949	V1
0	1	0	0
17.4876999000	-0.3031798666	-7.5029319149	V1
0	1	0	0
17.4876999000	0.6464203534	4.5247986451	V1
0	1	0	0
16.8546005300	-3.4683791466	-3.3882018349	V1
0	1	0	0
18.1207000700	1.2794205434	-6.2368522049	V1
0	1	0	0
18.4371994000	2.2290207534	4.8412979751	V1
0	1	0	0
18.7537002600	0.6464203534	1.6760986951	V1
0	1	0	0
19.0701995900	-2.2022795966	-5.9203315149	V1
0	1	0	0
19.0701995900	2.5455200834	4.5247986451	V1
0	1	0	0
19.3867996200	-1.8857802666	-5.2872916549	V1
0	1	0	0
19.7033004800	-1.5692794166	2.9421982351	V1
0	1	0	0
19.7033004800	0.0133194734	1.9925980251	V1
0	1	0	0
19.7033004800	2.8620194134	6.4238998951	V1
0	1	0	0
20.0197998100	-0.9361800466	2.9421982351	V1
0	1	0	0
20.3363006600	1.9125199134	4.2082977851	V1
0	1	0	0
20.9694000300	0.0133194734	3.5751984251	V1
0	1	0	0
13.5311996500	0.8046204334	-2.9134017349	V1
0	1	0	0
14.7972000200	-2.6770797066	-2.2804015549	V1
0	1	0	0
15.7468002300	-2.6770797066	-1.3308013349	V1
0	1	0	0
16.3798004200	-1.0944792966	-4.4960021349	V1
0	1	0	0
16.3798004200	-0.1448806066	2.7838974551	V1
0	1	0	0
16.3798004200	2.0707199834	4.3664978651	V1
0	1	0	0
16.6964004600	-3.6265799766	-1.9638015149	V1
0	1	0	0
16.6964004600	-0.4613799366	-7.3446616549	V1
0	1	0	0
16.6964004600	1.7542206534	3.4169983451	V1
0	1	0	0
17.0128997800	-1.4109801566	-4.8125014649	V1
0	1	0	0
17.0128997800	0.1716202434	3.7334976751	V1
0	1	0	0
17.0128997800	1.4377197934	1.5178986251	V1
0	1	0	0
17.6458999700	3.6533203834	4.0499985351	V1
0	1	0	0
17.9623992900	-1.4109801566	-4.4960021349	V1
0	1	0	0
17.9623992900	3.0203201934	3.7334976751	V1
0	1	0	0
18.2789001500	-1.4109801566	-7.3446616549	V1
0	1	0	0
18.2789001500	-0.4613799366	3.1003983151	V1
0	1	0	0
18.2789001500	1.1212204734	-8.2942221949	V1
0	1	0	0
18.2789001500	1.4377197934	3.1003983151	V1
0	1	0	0
13.6893997200	-2.8352797766	-1.8056014449	V1
0	1	0	0
18.5955001800	1.1212204734	-7.3446616549	V1
0	1	0	0
18.5955001800	1.4377197934	2.1508988051	V1
0	1	0	0
18.9119995100	2.0707199834	3.4169983451	V1
0	1	0	0
18.9119995100	2.0707199834	4.6829987151	V1
0	1	0	0
19.2285003700	2.3872193034	4.0499985351	V1
0	1	0	0
19.5449997000	-0.4613799366	4.6829987151	V1
0	1	0	0
19.5449997000	1.1212204734	4.0499985351	V1
0	1	0	0
19.5449997000	3.3368195234	4.9995987551	V1
0	1	0	0
20.1781005900	0.1716202434	2.4673981351	V1
0	1	0	0
21.1276001000	0.1716202434	3.1003983151	V1
0	1	0	0
21.1276001000	2.3872193034	3.7334976751	V1
0	1	0	0
21.4440994300	-0.4613799366	4.3664978651	V1

109
159
0	0	91	0
19.0806757677	-1.7666417458	-0.5789153873	I91
0	0	10	0
15.5727197280	-2.8979235409	1.2876682824	I10
0	0	6	0
14.1905838017	-3.3199637486	0.4225213937	I6
0	0	5	0
20.1780804480	2.8152356441	3.4241380094	I5
0	0	4	0
19.0702247650	-1.8692386969	-1.6084617046	I4
0	0	2	0
19.4658996600	-1.1571140669	-1.6876117146	I2
0	0	2	0
20.2572006250	2.4828853231	3.8514881654	I2
0	0	1	0
12.7399002100	-3.2935635019	2.5062382354	I1
0	0	1	0
14.3225006100	3.3533359181	5.3549381854	I1
0	0	1	0
14.3225006100	3.9863345681	3.7723377754	I1
0	0	1	0
14.9554992700	3.6698367781	4.7219379954	I1
0	0	1	0
15.2720001200	-2.3440639819	1.5567387154	I1
0	0	1	0
16.2216003400	-0.7614635819	5.3549381854	I1
0	0	1	0
16.2216003400	7.1515353781	4.4053379654	I1
0	0	1	0
16.8546005300	-8.9909641619	-1.2919612346	I1
0	0	1	0
16.8546005300	1.4542361881	0.6071384954	I1
0	0	1	0
18.1207000700	-4.5596645719	-5.7232119946	I1
0	0	1	0
18.4371994000	-2.9770641719	-1.2919612346	I1
0	0	1	0
18.7537002600	3.3533359181	-5.7232119946	I1
0	0	1	0
19.3867996200	-1.7109631019	1.2402378654	I1
0	0	1	0
19.7033004800	2.0872378881	3.4558384454	I1
0	0	1	0
20.3363006600	4.6193362781	1.5567387154	I1
0	0	1	0
20.6527999900	-0.4449642519	4.4053379654	I1
0	0	1	0
20.9694000300	4.3028354281	0.9236378354	I1
0	0	1	0
25.0841018800	4.9359363181	-3.1910617246	I1
0	0	1	0
33.6300994900	14.1149356481	-13.3196517346	I1
0	0	1	0
0.5539060100	15.8558353081	-9.6796916446	I1
0	0	1	0
13.5311996500	0.0298358581	6.1462376154	I1
0	0	1	0
13.5311996500	1.9289355881	9.9444386054	I1
0	0	1	0
14.1641998300	-3.7683636119	0.1323383954	I1
0	0	1	0
14.1641998300	2.8785358181	4.8801380754	I1
0	0	1	0
14.1641998300	3.5115375181	4.2471378854	I1
0	0	1	0
14.4807006900	3.1950366581	4.8801380754	I1
0	0	1	0
16.0632995600	-2.8187633819	0.7654377554	I1
0	0	1	0
16.0632995600	-2.5022640619	1.0819386054	I1
0	0	1	0
17.3294006400	1.9289355881	0.7654377554	I1
0	0	1	0
17.9623992900	-2.1857632019	-0.1841609346	I1
0	0	1	0
18.5955001800	-4.0848644619	-5.8814715746	I1
0	0	1	0
18.9119995100	-8.5161640419	-0.5006617946	I1
0	0	1	0
18.9119995100	-8.1996639619	-0.8171611246	I1
0	0	1	0
19.5449997000	-0.9196636619	0.7654377554	I1
0	0	1	0
0.7121669800	18.2296359681	-10.7875117646	I1
0	0	1	0
20.4945999200	2.8785358181	3.9306385554	I1
0	0	1	0
22.3936996600	10.7915347681	-7.4640613046	I1
0	0	1	0
24.6093002300	5.4106341981	-3.3493617446	I1
0	0	1	0
35.6875000000	17.4383365281	-14.1109556146	I1
0	82	0	0
16.7426830228	1.4619154685	0.9198199484	V82
0	4	0	0
15.2720497150	-4.5596638069	-4.2988612546	V4
0	3	0	0
16.6435999567	2.1927371581	2.8228382754	V3
0	3	0	0
18.8592330933	2.7202691048	0.1851048120	V3
0	2	0	0
17.8042007400	3.0367358781	2.0314884754	V2
0	2	0	0
15.0346496600	-0.3658138619	0.6862881254	V2
0	2	0	0
18.4371994000	-7.8831138919	-2.8745616246	V2
0	2	0	0
17.8042007400	1.9289867031	3.1393391154	V2
0	2	0	0
20.9694000300	3.5115863481	-4.1406619446	V2
0	2	0	0
16.6964004600	3.0367862381	2.6645390154	V2
0	2	0	0
17.3294006400	4.9358859631	1.3984379354	V2
0	2	0	0
17.9623992900	-8.1996639619	-1.9250113896	V2
0	1	0	0
15.9050994900	1.7707355181	-0.9754619046	V1
0	1	0	0
16.2216003400	0.8211368181	2.8228382754	V1
0	1	0	0
16.2216003400	1.1376361481	4.0888386354	V1
0	1	0	0
16.2216003400	3.9863345681	2.1897389054	V1
0	1	0	0
16.2216003400	5.2524371781	0.9236378354	V1
0	1	0	0
16.5380996700	-8.3578648019	-1.6084620846	V1
0	1	0	0
16.8546005300	3.0367358781	3.1393391154	V1
0	1	0	0
17.1710998600	-8.3578648019	-0.3423610146	V1
0	1	0	0
17.4876999000	-8.6743641319	-2.5580607846	V1
0	1	0	0
17.4876999000	1.1376361481	-0.3423610146	V1
0	1	0	0
17.8042007400	-9.9404735919	-1.2919612346	V1
0	1	0	0
17.8042007400	-9.3074634919	-3.1910617246	V1
0	1	0	0
18.1207000700	-7.7248638419	-1.6084620846	V1
0	1	0	0
18.1207000700	2.7202365481	-0.0258616846	V1
0	1	0	0
18.1207000700	3.0367358781	-0.9754619046	V1
0	1	0	0
18.4371994000	2.0872378881	2.1897389054	V1
0	1	0	0
18.7537002600	-6.7752636319	-0.6589610546	V1
0	1	0	0
18.7537002600	-2.6605633119	-1.6084620846	V1
0	1	0	0
18.7537002600	1.7707355181	2.5062382354	V1
0	1	0	0
19.7033004800	3.6698367781	2.1897389054	V1
0	1	0	0
0.3956500200	16.0140353781	-9.8379516046	V1
0	1	0	0
35.8457000800	17.5966373081	-14.2692116046	V1
0	1	0	0
0.5539060100	18.3879367481	-10.9457717346	V1
0	1	0	0
13.5311996500	1.6124362581	4.8801380754	V1
0	1	0	0
13.8477005000	-2.5022640619	-1.1336619746	V1
0	1	0	0
14.0059005700	-2.6605633119	-1.6084620846	V1
0	1	0	0
15.7468002300	-1.5527645519	-0.1841609346	V1
0	1	0	0
16.3798004200	-8.8326641419	-1.7667613446	V1
0	1	0	0
16.3798004200	-0.9196636619	2.3480381554	V1
0	1	0	0
16.3798004200	2.5620349481	3.2975376654	V1
0	1	0	0
16.6964004600	-1.2362636919	-0.5006617946	V1
0	1	0	0
16.6964004600	-0.9196636619	0.1323383954	V1
0	1	0	0
16.6964004600	0.6629367481	2.3480381554	V1
0	1	0	0
14.9554992700	-2.0274639419	-0.0258616846	V1
0	1	0	0
17.0128997800	-9.1491634719	-3.0327617046	V1
0	1	0	0
17.0128997800	2.5620349481	2.9810383454	V1
0	1	0	0
17.0128997800	3.5115375181	1.7149387954	V1
0	1	0	0
17.3294006400	-1.2362636919	1.7149387954	V1
0	1	0	0
17.3294006400	3.1950366581	-0.5006617946	V1
0	1	0	0
15.2720001200	-4.2431637219	-4.7736514446	V1
0	1	0	0
17.3294006400	5.0941363881	2.3480381554	V1
0	1	0	0
17.6458999700	-8.8326641419	-1.7667613446	V1
0	1	0	0
17.6458999700	1.6124362581	3.9306385554	V1
0	1	0	0
17.6458999700	2.8785358181	3.9306385554	V1
0	1	0	0
15.9050994900	-4.8761639019	-4.7736514446	V1
0	1	0	0
17.9623992900	-7.5665638319	-0.5006617946	V1
0	1	0	0
17.9623992900	1.6124362581	1.3984379354	V1
0	1	0	0
18.5955001800	-8.1996639619	-1.7667613446	V1
0	1	0	0
20.1781005900	2.8785358181	0.1323383954	V1
0	1	0	0
23.3432006900	6.6767367981	-6.1979915046	V1
0	1	0	0
33.7884002800	14.2732364381	-13.4779216246	V1

134
93
0	0	9	0
32.9794776100	8.2158686920	1.1429659855	I9
0	0	6	0
11.1045162267	-6.2912090080	-3.2179392173	I6
0	0	5	0
33.4085388180	8.8700179980	-0.8123826289	I5
0	0	3	0
18.2261667900	-8.5068757147	-8.6515060089	I3
0	0	3	0
8.0976000467	-1.6489757347	0.4220441577	I3
0	0	2	0
33.7092498850	8.8225076270	1.2924270961	I2
0	0	2	0
32.7596496600	8.6642572020	0.8176773361	I2
0	0	1	0
1.9782400200	-4.7086431980	6.7523765911	I1
0	0	1	0
3.8773498600	-8.5068426580	-2.1101234089	I1
0	0	1	0
5.7764602700	-1.5434408680	0.7385780611	I1
0	0	1	0
6.0929798200	-9.4564428780	2.0045769111	I1
0	0	1	0
6.7260200500	-7.8738424780	-7.4909324289	I1
0	0	1	0
7.9920997600	-2.4930426080	-0.2110221489	I1
0	0	1	0
8.6251297000	-1.5434408680	-0.2110221489	I1
0	0	1	0
9.8912101800	-5.6581426980	-12.2387126589	I1
0	0	1	0
10.5241996800	-6.2912420680	-2.1101234089	I1
0	0	1	0
10.8407997100	-6.2912420680	-1.7936225589	I1
0	0	1	0
11.4737999000	-6.2912420680	-4.0092231389	I1
0	0	1	0
12.1068008400	3.2043588220	-7.8074523589	I1
0	0	1	0
16.8546005300	-2.1764425680	-1.1605231889	I1
0	0	1	0
17.8042007400	-8.5068426580	-8.1239730489	I1
0	0	1	0
17.8042007400	0.9886575220	4.2202766811	I1
0	0	1	0
19.0701995900	-1.2269430580	-3.3762229589	I1
0	0	1	0
22.5518997200	-1.8599432380	-6.8579223289	I1
0	0	1	0
24.1345001200	-3.4425421180	0.7385780611	I1
0	0	1	0
24.7676010200	5.7364572120	10.5505760511	I1
0	0	1	0
26.0337005600	-6.9242422580	0.1054771811	I1
0	0	1	0
28.5657989500	-1.2269430580	4.5367790511	I1
0	0	1	0
29.1988006600	-5.9747427380	-0.5275230089	I1
0	0	1	0
31.7309997600	4.1538583420	1.0550773911	I1
0	0	1	0
32.0475006100	4.1538583420	1.3715767211	I1
0	0	1	0
32.3640014700	9.2181588720	2.9541771311	I1
0	0	1	0
32.6804992700	9.2181588720	2.6376778011	I1
0	0	1	0
32.6804992700	9.5346566720	0.7385780611	I1
0	0	1	0
36.7953003000	7.9521585020	6.4358757311	I1
0	0	1	0
4.3521301300	-8.3486425780	-1.6353232989	I1
0	0	1	0
5.9347198500	-1.0686438080	1.2132774711	I1
0	0	1	0
6.5677597100	-4.5503424180	-3.2179221789	I1
0	0	1	0
7.8338401800	-2.0182424980	0.2637779611	I1
0	0	1	0
8.1503501900	-2.0182424980	-0.0527228989	I1
0	0	1	0
10.6824997000	-6.1329428180	-3.2179221789	I1
0	0	1	0
10.9989998000	-6.7660421780	-4.4840224889	I1
0	0	1	0
16.6964004600	-3.6008428980	-1.6353232989	I1
0	0	1	0
17.0128997800	-6.1329428180	-7.9657126989	I1
0	0	1	0
17.6458999700	-6.7660421780	-7.6491927789	I1
0	0	1	0
18.9119995100	-1.7017431680	1.5298775011	I1
0	0	1	0
19.2285003700	-2.3347433580	-7.9657126989	I1
0	0	1	0
24.2927993800	-2.0182424980	4.3784767511	I1
0	0	1	0
26.1919006400	-1.3851431280	6.2775780111	I1
0	0	1	0
26.5084014900	-1.7017431680	6.2775780111	I1
0	0	1	0
26.8250000000	-4.8669424480	0.8967766111	I1
0	0	1	0
27.1415008600	-0.1191412380	4.0619774211	I1
0	0	1	0
28.0910003800	-1.3851431280	4.0619774211	I1
0	0	1	0
28.7240997300	-1.7017431680	4.3784767511	I1
0	0	1	0
30.3066986100	-1.0686438080	5.9610786811	I1
0	0	1	0
30.9397003200	-2.3347433580	2.4793770211	I1
0	0	1	0
30.9397003200	-2.0182424980	2.1628776911	I1
0	0	1	0
31.2562011700	-2.3347433580	2.1628776911	I1
0	0	1	0
31.2562011700	0.5139596520	0.2637779611	I1
0	0	1	0
31.8891998400	5.2616586220	-0.6858222589	I1
0	0	1	0
32.5222961400	5.8947579920	8.1767769211	I1
0	0	1	0
33.1553009100	7.7938577220	1.2132774711	I1
0	0	1	0
33.1553009100	8.4268563820	0.2637779611	I1
0	0	1	0
33.1553009100	8.7433572420	1.2132774711	I1
0	0	1	0
33.7884002800	8.4268563820	1.5298775011	I1
0	0	1	0
34.1049011200	5.2616586220	2.1628776911	I1
0	0	1	0
34.7378997800	-2.3347433580	2.7958778711	I1
0	0	1	0
34.7378997800	-1.0686438080	4.3784767511	I1
0	0	1	0
36.0040008500	1.1469567820	10.0758781811	I1
0	0	1	0
36.9535003700	6.5277566520	0.2637779611	I1
0	20	0	0
32.9337644995	5.9105427505	3.7138222861	V20
0	2	0	0
12.9772499100	-6.0538427780	-7.0952674489	V2
0	2	0	0
5.1434299500	-3.7590429780	0.2637772011	V2
0	2	0	0
25.5588493350	0.9886575220	3.9037773511	V2
0	2	0	0
33.3135986300	-2.0181929030	2.9541771311	V2
0	2	0	0
14.6389999400	-7.5573431380	-6.6996726639	V2
0	2	0	0
26.5084503200	-1.5434408680	3.9037773511	V2
0	2	0	0
21.4441505450	-3.1260427880	-2.1101234089	V2
0	2	0	0
34.5796997100	6.2112573170	3.5871773111	V2
0	2	0	0
11.3154998800	-4.8669424480	-6.5413726439	V2
0	2	0	0
27.2997497600	-0.4356420980	2.4793770211	V2
0	1	0	0
7.6755699200	-3.7590429780	-0.5275230089	V1
0	1	0	0
9.8912101800	-5.6581426980	-4.0092231389	V1
0	1	0	0
11.7903000000	-5.6581426980	-6.5414229989	V1
0	1	0	0
5.1434299500	-4.3921423380	0.1054771811	V1
0	1	0	0
14.3225006100	-8.5068426580	-7.1744124989	V1
0	1	0	0
15.9050994900	-8.1903433280	-9.0735229189	V1
0	1	0	0
15.9050994900	-7.2407431080	-6.5414229989	V1
0	1	0	0
16.2216003400	-8.1903433280	-8.1239730489	V1
0	1	0	0
18.4371994000	-6.2912420680	-5.5918227789	V1
0	1	0	0
18.7537002600	-7.2407431080	-8.1239730489	V1
0	1	0	0
20.3363006600	-2.8095419380	-4.9588218389	V1
0	1	0	0
20.9694000300	-3.1260427880	-3.6927222889	V1
0	1	0	0
25.7170990000	0.6721566720	3.2706779811	V1
0	1	0	0
26.3502014200	-0.2773428380	2.9541771311	V1
0	1	0	0
26.9832000800	-0.5939428780	2.0045769111	V1
0	1	0	0
27.6161987300	-0.2773428380	2.9541771311	V1
0	1	0	0
31.4144989000	-2.4930426080	2.9541771311	V1
0	1	0	0
32.0475006100	4.7869576920	3.9037773511	V1
0	1	0	0
32.3640014700	7.0025582820	4.8532768611	V1
0	1	0	0
32.6804992700	7.9521585020	4.5367790511	V1
0	1	0	0
33.6300994900	7.0025582820	3.2706779811	V1
0	1	0	0
33.9466003400	9.8512582420	-0.8440223389	V1
0	1	0	0
5.4599502600	-3.4425421180	-0.2110221489	V1
0	1	0	0
3.4025699600	-5.1834433080	3.7454765611	V1
0	1	0	0
4.9851699800	-3.2843420480	0.8967766111	V1
0	1	0	0
5.3016899100	-6.7660421780	1.8463768311	V1
0	1	0	0
5.3016899100	-3.6008428980	-0.6858222589	V1
0	1	0	0
6.2512401600	-4.5503424180	-0.6858222589	V1
0	1	0	0
6.2512401600	-3.9173422280	-0.0527228989	V1
0	1	0	0
10.6824997000	-4.8669424480	-6.0666228789	V1
0	1	0	0
7.0425399800	-4.3921423380	-0.8440223389	V1
0	1	0	0
12.5816001900	-5.4999426280	-7.6491927789	V1
0	1	0	0
14.4807006900	-8.3486425780	-6.6996223089	V1
0	1	0	0
15.1138000500	-8.3486425780	-7.3326728489	V1
0	1	0	0
15.4302993800	-7.3990423680	-6.3831229789	V1
0	1	0	0
17.3294006400	-6.4494421380	-6.3831229789	V1
0	1	0	0
18.2789001500	-6.4494421380	-2.2684226589	V1
0	1	0	0
19.5449997000	-6.7660421780	-6.3831229789	V1
0	1	0	0
19.5449997000	-5.1834433080	-2.2684226589	V1
0	1	0	0
20.8110992400	-1.3851431280	-4.4840224889	V1
0	1	0	0
21.1276001000	-4.2338430880	-3.2179221789	V1
0	1	0	0
21.4440994300	-2.3347433580	-5.4335227589	V1
0	1	0	0
24.6093002300	0.1973580920	3.4289772411	V1
0	1	0	0
25.5588989300	0.5139596520	4.0619774211	V1
0	1	0	0
26.5084014900	-0.1191412380	5.3280769811	V1
0	1	0	0
7.0425399800	-1.8599432380	1.6880775811	V1
0	1	0	0
29.0406005900	2.0965570020	2.7958778711	V1
0	1	0	0
30.9397003200	4.3121560620	3.4289772411	V1
0	1	0	0
32.2058013900	6.8442575020	4.3784767511	V1
0	1	0	0
32.5222961400	5.5782571320	2.4793770211	V1
0	1	0	0
32.5222961400	5.5782571320	5.0115761111	V1
0	1	0	0
32.5222961400	7.7938577220	3.4289772411	V1
0	1	0	0
33.1553009100	5.5782571320	2.1628776911	V1

127
105
0	0	20	0
13.4520400250	-3.2367740436	1.9978264694	I20
0	0	15	0
16.7385666940	2.2759059109	-0.1281115374	I15
0	0	9	0
19.7384558822	4.2559190673	-1.2288762434	I9
0	0	3	0
13.7949000033	-3.0943137171	10.4119342332	I3
0	0	3	0
11.3154998800	-1.5645143204	3.3958011166	I3
0	0	2	0
16.9337501550	2.6821358729	0.0987519199	I2
0	0	2	0
13.4520500200	-3.9647643071	1.9978516449	I2
0	0	2	0
19.6241500900	-6.3386649071	5.3212517599	I2
0	0	2	0
19.3076499950	3.9481850679	-1.6421485051	I2
0	0	1	0
10.5241996800	2.2864861529	-1.4046988601	I1
0	0	1	0
12.7399002100	-2.4613150571	7.4578026699	I1
0	0	1	0
13.0563995400	-4.3604147871	2.3935021299	I1
0	0	1	0
13.0563995400	-3.0943137171	4.9256020399	I1
0	0	1	0
13.3729003900	-3.0943137171	2.3935021299	I1
0	0	1	0
13.3729003900	-2.7778143871	4.9256020399	I1
0	0	1	0
13.3729003900	-2.4613150571	2.0770012699	I1
0	0	1	0
15.9050994900	-5.9430144271	9.6734017299	I1
0	0	1	0
18.4371994000	-1.5117148371	-9.3176985901	I1
0	0	1	0
18.7537002600	5.1350853929	-2.9872977401	I1
0	0	1	0
19.0701995900	-6.2595152871	5.8752022699	I1
0	0	1	0
19.0701995900	6.0846840829	1.7604012399	I1
0	0	1	0
19.3867996200	3.5525857029	-1.0881980101	I1
0	0	1	0
19.3867996200	3.8690850329	-0.7716986801	I1
0	0	1	0
19.3867996200	5.4516854329	-2.3542990801	I1
0	0	1	0
20.9694000300	-2.4613150571	-6.7855986701	I1
0	0	1	0
20.9694000300	-2.1448142071	-7.1020980001	I1
0	0	1	0
20.9694000300	7.9837853429	-5.8359984501	I1
0	0	1	0
23.5014984100	7.9837853429	-2.0377982301	I1
0	0	1	0
12.2651001000	-2.6196143071	6.9830010299	I1
0	0	1	0
12.5816001900	-3.8856146771	2.2352013499	I1
0	0	1	0
12.5816001900	-1.3535147671	3.1848015699	I1
0	0	1	0
13.5311996500	-3.2526144971	1.2857018299	I1
0	0	1	0
13.8477005000	-4.5187140471	-0.6133978901	I1
0	0	1	0
13.8477005000	-3.5691138271	9.8317025099	I1
0	0	1	0
13.8477005000	1.4951851829	-3.4620978501	I1
0	0	1	0
13.8477005000	6.5594857229	-2.8290976601	I1
0	0	1	0
14.4807006900	-3.2526144971	-2.5125983301	I1
0	0	1	0
14.4807006900	-2.9361136371	2.2352013499	I1
0	0	1	0
15.1138000500	3.0777855929	3.5013008899	I1
0	0	1	0
15.4302993800	-0.7204138671	-5.6776984301	I1
0	0	1	0
15.7468002300	2.4446862229	3.1848015699	I1
0	0	1	0
16.0632995600	2.4446862229	0.0196022899	I1
0	0	1	0
16.3798004200	-6.1013144471	9.1986031399	I1
0	0	1	0
16.6964004600	2.4446862229	0.6526009399	I1
0	0	1	0
17.3294006400	-1.9865149471	-0.6133978901	I1
0	0	1	0
18.2789001500	-1.0370139071	-9.7924781001	I1
0	0	1	0
18.9119995100	-0.7204138671	-7.8933684501	I1
0	0	1	0
18.9119995100	3.7107857729	-0.2968985701	I1
0	0	1	0
18.9119995100	4.0272851029	-0.6133978901	I1
0	0	1	0
18.9119995100	4.3438851429	-0.9299979301	I1
0	0	1	0
18.9119995100	5.6098870329	-2.5125983301	I1
0	0	1	0
18.9119995100	6.2429879229	-6.3107985501	I1
0	0	1	0
19.2285003700	4.3438851429	-1.2464987901	I1
0	0	1	0
19.2285003700	4.3438851429	7.2995018799	I1
0	0	1	0
19.2285003700	5.6098870329	-2.8290976601	I1
0	0	1	0
20.1781005900	4.6603844629	-0.9299979301	I1
0	10	0	0
15.1454199220	-0.9103642831	-1.2464784951	V10
0	7	0	0
14.6389574386	-1.1500427357	0.4491443928	V7
0	3	0	0
15.3775329633	-1.0897472671	-2.9873313068	V3
0	3	0	0
13.4784332300	-0.8787141438	-0.2441652101	V3
0	3	0	0
16.3271001167	-0.8787146571	-1.8267986701	V3
0	3	0	0
20.4945999200	6.5594862329	-3.4620978501	V3
0	2	0	0
12.5024997700	-0.3248145071	-0.3760481951	V2
0	2	0	0
17.6459503200	-5.6265143271	5.5587014099	V2
0	2	0	0
13.5311500550	0.0708855729	0.4944023899	V2
0	2	0	0
14.7972496050	-0.8787146571	1.1274010499	V2
0	2	0	0
18.5954498300	1.0203850729	1.1274010499	V2
0	2	0	0
19.0701995900	2.9194863329	0.9691513849	V2
0	2	0	0
20.0197998100	1.6533852629	0.9691513849	V2
0	2	0	0
13.3729499850	-0.7204138671	-2.5125983301	V2
0	2	0	0
13.5311996500	-4.2021140071	5.5586525799	V2
0	2	0	0
14.4807006900	0.0708359779	-1.2464987901	V2
0	2	0	0
18.2789001500	3.0777855929	2.3934517749	V2
0	1	0	0
14.3225006100	-1.5117148371	-1.0881980101	V1
0	1	0	0
14.3225006100	-0.2457144671	-5.2029975101	V1
0	1	0	0
14.6389999400	-2.4613150571	9.9899025899	V1
0	1	0	0
14.6389999400	0.3873864129	0.4944023899	V1
0	1	0	0
14.6389999400	0.7038857429	-1.4046988601	V1
0	1	0	0
14.9554992700	-2.7778143871	7.7743035299	V1
0	1	0	0
14.9554992700	-0.2457144671	-4.5698981401	V1
0	1	0	0
14.9554992700	0.0708855729	-1.4046988601	V1
0	1	0	0
15.2720001200	-2.1448142071	-2.6707984101	V1
0	1	0	0
15.5884994600	0.0708855729	-4.2533988101	V1
0	1	0	0
15.5884994600	0.0708855729	-0.1386984901	V1
0	1	0	0
16.5380996700	-3.0943137171	-9.6342284301	V1
0	1	0	0
16.8546005300	-3.0943137171	-7.7351081001	V1
0	1	0	0
17.1710998600	-5.6265143271	4.9256020399	V1
0	1	0	0
17.1710998600	0.3873864129	-3.6203986301	V1
0	1	0	0
17.8042007400	-6.5760146171	6.8247017699	V1
0	1	0	0
18.1207000700	2.6029854829	2.3935021299	V1
0	1	0	0
18.4371994000	1.9699852929	1.1274010499	V1
0	1	0	0
18.4371994000	3.2359856629	1.1274010499	V1
0	1	0	0
19.0701995900	0.7038857429	-2.3542990801	V1
0	1	0	0
12.4233993500	-2.4613150571	2.7100014599	V1
0	1	0	0
19.0701995900	7.3507866929	-3.6203986301	V1
0	1	0	0
19.3867996200	-4.3604147871	-7.4185881701	V1
0	1	0	0
19.7033004800	-3.7274146071	-9.0011885801	V1
0	1	0	0
19.7033004800	-1.8283148671	-3.9368979601	V1
0	1	0	0
13.0563995400	-0.8787146571	2.0770012699	V1
0	1	0	0
20.9694000300	7.0342858329	-2.6707984101	V1
0	1	0	0
12.8981002800	-2.6196143071	1.2857018299	V1
0	1	0	0
13.3729003900	-1.1952139871	-2.6707984101	V1
0	1	0	0
13.3729003900	1.3368859329	-0.4551978201	V1
0	1	0	0
13.8477005000	0.2290856429	-4.4116980701	V1
0	1	0	0
14.1641998300	-0.4039145471	-0.6133978901	V1
0	1	0	0
14.1641998300	-0.0874136871	3.1848015699	V1
0	1	0	0
14.4807006900	-0.7204138671	-0.9299979301	V1
0	1	0	0
13.6893997200	0.0708855729	-1.0881980101	V1
0	1	0	0
14.7972000200	0.8620858229	-5.3611983401	V1
0	1	0	0
15.4302993800	0.8620858229	-4.0950980301	V1
0	1	0	0
15.7468002300	0.2290856429	-2.1959983001	V1
0	1	0	0
16.0632995600	-2.9361136371	-9.7924781001	V1
0	1	0	0
16.0632995600	-1.3535147671	-3.7785987001	V1
0	1	0	0
16.3798004200	-1.9865149471	-8.2098883701	V1
0	1	0	0
16.3798004200	0.2290856429	-0.6133978901	V1
0	1	0	0
16.6964004600	-3.2526144971	2.8683022399	V1
0	1	0	0
16.6964004600	-2.6196143071	-8.5264083001	V1
0	1	0	0
17.3294006400	-1.3535147671	-2.5125983301	V1
0	1	0	0
17.9623992900	3.0777855929	-0.2968985701	V1
0	1	0	0
14.0059005700	-1.1952139871	1.4439019099	V1
0	1	0	0
18.2789001500	3.3942849129	1.6022011599	V1
0	1	0	0
19.5449997000	4.6603844629	-2.8290976601	V1
0	1	0	0
19.8615005500	2.1281853729	1.2857018299	V1
0	1	0	0
19.8615005500	2.4446862229	2.2352013499	V1
0	1	0	0
20.1781005900	8.1420846029	-2.1959983001	V1
0	1	0	0
14.3225006100	-3.7274146071	6.8247017699	V1
0	1	0	0
20.8110992400	6.5594857229	-4.4116980701	V1

149
173
0	0	30	0
14.0798002630	-3.6056610201	-0.7046139456	I30
0	0	26	0
13.1537808646	-4.5917403040	-1.4463993920	I26
0	0	18	0
20.8198943267	-0.1151598826	-5.2993951097	I18
0	0	15	0
13.3201733927	-8.0896745371	-3.7009676532	I15
0	0	7	0
13.1468287886	-3.2891424657	-0.6307625828	I7
0	0	3	0
37.4283325233	20.5552616329	22.3695989081	I3
0	0	2	0
35.5291992200	19.3419290079	20.5759658915	I2
0	0	2	0
11.2363994600	-8.9073462021	-4.1915847686	I2
0	0	2	0
11.5529499100	-9.2238661271	-4.1915847686	I2
0	0	2	0
36.5578994750	20.6871285979	19.7055664115	I2
0	0	2	0
36.9535507250	17.6011285329	21.8420669615	I2
0	0	2	0
37.0326507600	18.9462792879	21.9212158265	I2
0	0	1	0
13.0563995400	-7.7204008571	-3.4794341886	I1
0	0	1	0
13.3729003900	-7.4038809271	-4.1124351486	I1
0	0	1	0
13.3729003900	-4.2386709671	-1.5803344686	I1
0	0	1	0
13.3729003900	-3.6056707871	-0.3142349185	I1
0	0	1	0
14.3225006100	-12.4681810871	-4.4289344786	I1
0	0	1	0
14.3225006100	-3.9221716371	-4.1124351486	I1
0	0	1	0
14.6389999400	-3.2891714571	-0.6307342486	I1
0	0	1	0
16.8546005300	5.2568292129	-5.3785240086	I1
0	0	1	0
16.8546005300	5.5733285429	-5.6950439386	I1
0	0	1	0
17.1710998600	5.2568292129	-5.6950439386	I1
0	0	1	0
17.8042007400	-6.4543714971	-8.2271942086	I1
0	0	1	0
18.7537002600	6.8394280929	-5.3785240086	I1
0	0	1	0
20.0197998100	-0.4404715071	-3.7959342886	I1
0	0	1	0
20.0197998100	0.1925286829	4.1170654314	I1
0	0	1	0
20.6527999900	-4.5551718271	-7.9106742786	I1
0	0	1	0
20.6527999900	-4.2386709671	-7.5941642686	I1
0	0	1	0
20.6527999900	-1.3900717171	-3.4794341886	I1
0	0	1	0
20.9694000300	-0.7569708371	-5.6950439386	I1
0	0	1	0
24.1345001200	5.2568292129	-2.8463348386	I1
0	0	1	0
24.4511001600	3.3577294829	-5.3785240086	I1
0	0	1	0
25.4005996700	3.3577294829	-4.7455345086	I1
0	0	1	0
25.4005996700	3.6742288129	-5.0620338386	I1
0	0	1	0
25.7170990000	-0.4404715071	-4.7455345086	I1
0	0	1	0
27.2997009400	3.6742288129	0.9518661514	I1
0	0	1	0
36.1622009300	19.8167291229	21.8420669615	I1
0	0	1	0
21.9188995400	3.0412286329	-7.2776344285	I1
0	0	1	0
7.9920997600	-8.3534414771	-6.9611244186	I1
0	0	1	0
36.7953003000	17.9176293829	22.1585647614	I1
0	0	1	0
36.7953003000	19.5002282629	20.5759658915	I1
0	0	1	0
36.7953003000	20.4497277729	21.8420669615	I1
0	0	1	0
36.7953003000	20.4497277729	22.4750656214	I1
0	0	1	0
37.1118011500	18.8671289029	20.8924667415	I1
0	0	1	0
11.1572990400	-7.7204008571	-8.8602340686	I1
0	0	1	0
37.1118011500	20.4497277729	19.6264663715	I1
0	0	1	0
37.4282989500	19.5002282629	19.9429672315	I1
0	0	1	0
37.4282989500	20.4497277729	20.2594650314	I1
0	0	1	0
12.7399002100	-8.0369215471	-4.1124351486	I1
0	0	1	0
11.6320999200	-5.3464712571	-0.4725341686	I1
0	0	1	0
11.9486000100	-5.3464712571	-0.1559341386	I1
0	0	1	0
12.2651001000	-8.1951811271	-3.9542343086	I1
0	0	1	0
12.5816001900	-8.5117010571	-3.0046340886	I1
0	0	1	0
13.2147003200	-8.5117010571	-4.2707343886	I1
0	0	1	0
13.5311996500	-2.4978704871	-0.7890334986	I1
0	0	1	0
13.8477005000	-11.9934011971	-4.2707343886	I1
0	0	1	0
13.8477005000	-2.4978704871	-0.4725341686	I1
0	0	1	0
14.7972000200	-3.7638708571	-0.7890334986	I1
0	0	1	0
15.1138000500	-4.0804708971	-4.5872344886	I1
0	0	1	0
17.3294006400	5.7316293229	-6.1698242086	I1
0	0	1	0
17.9623992900	-2.4978704871	-3.3211341786	I1
0	0	1	0
19.8615005500	-0.9152716171	-4.2707343886	I1
0	0	1	0
20.4945999200	-1.5482717971	-3.9542343086	I1
0	0	1	0
20.4945999200	-0.5987707571	-5.2202339086	I1
0	0	1	0
20.4945999200	-0.5987707571	-3.3211341786	I1
0	0	1	0
21.1276001000	-4.3969709871	-7.4358940086	I1
0	0	1	0
24.6093002300	1.3003289729	-7.7524139386	I1
0	0	1	0
24.9257980400	-3.1308706771	-3.3211341786	I1
0	0	1	0
24.9257980400	2.8829293729	-5.2202339086	I1
0	0	1	0
36.3204986600	20.2915277029	19.4681655914	I1
0	0	1	0
36.6369995100	19.3419274829	21.3672653214	I1
0	0	1	0
36.9535003700	19.3419274829	20.1012649614	I1
0	0	1	0
36.9535003700	19.3419274829	21.6837661815	I1
0	0	1	0
37.2700988800	19.6584283329	22.0003646914	I1
0	75	0	0
14.6136626604	-3.9010631187	-4.4163127467	V75
0	4	0	0
17.2106750550	-2.3791460496	-4.0728849386	V4
0	4	0	0
17.9624504050	-1.8648214821	-4.4289344786	V4
0	3	0	0
19.0174662300	-2.2868378771	-4.0597012752	V3
0	3	0	0
37.6393330967	20.7662622029	22.5805994748	V3
0	3	0	0
16.6964004600	-2.3923707104	-5.0092338486	V3
0	3	0	0
37.0590332067	17.8648288896	22.1058649781	V3
0	2	0	0
36.9535507250	19.5002282629	21.6838165365	V2
0	2	0	0
15.1137496950	-1.3900717171	-5.3785240086	V2
0	2	0	0
16.2216003400	-1.7065710571	-4.5872344936	V2
0	2	0	0
16.5380996700	-2.9726706071	-4.9037841736	V2
0	2	0	0
14.7972496050	-5.5047712771	-4.1124351486	V2
0	2	0	0
12.2651001000	-4.8717211221	-4.2707343886	V2
0	2	0	0
36.7952499400	20.9245294129	19.9429657064	V2
0	2	0	0
19.2285003700	7.6307290529	-4.1124843486	V2
0	2	0	0
35.6875000000	19.5001779079	20.7342666615	V2
0	2	0	0
37.2700988800	19.1836785779	22.1586151215	V2
0	1	0	0
14.6389999400	-2.0230719071	-3.7959342886	V1
0	1	0	0
14.6389999400	-1.7065710571	-4.7455345086	V1
0	1	0	0
14.9554992700	-0.7569708371	-3.1629333486	V1
0	1	0	0
15.2720001200	-6.4543714971	-4.4289344786	V1
0	1	0	0
15.2720001200	-3.2891714571	-3.1629333486	V1
0	1	0	0
16.2216003400	-4.5551718271	-2.8463348386	V1
0	1	0	0
16.2216003400	-3.2891714571	-3.7959342886	V1
0	1	0	0
16.2216003400	-2.9726706071	-3.1629333486	V1
0	1	0	0
16.5380996700	-3.6056707871	-4.7455345086	V1
0	1	0	0
16.8546005300	-4.2386709671	-4.4289344786	V1
0	1	0	0
17.4876999000	-3.6056707871	-3.4794341886	V1
0	1	0	0
17.4876999000	-0.7569708371	-4.4289344786	V1
0	1	0	0
18.4371994000	-1.0734716871	-2.5298339786	V1
0	1	0	0
20.6527999900	-0.4404715071	-5.0620338386	V1
0	1	0	0
23.8179992700	3.6742288129	-2.2133346486	V1
0	1	0	0
24.4511001600	3.3577294829	-0.9472335786	V1
0	1	0	0
25.0841018800	2.7247293029	-2.8463348386	V1
0	1	0	0
36.4787994400	20.4497277729	19.6264663715	V1
0	1	0	0
37.1118011500	19.5002282629	20.2594650314	V1
0	1	0	0
37.4282989500	19.8167291229	22.1585647614	V1
0	1	0	0
14.6389999400	-2.6560705671	-3.4794341886	V1
0	1	0	0
10.9989998000	-6.6125708071	-3.3211341786	V1
0	1	0	0
11.6320999200	-5.0299711671	-5.5367843586	V1
0	1	0	0
11.6320999200	-3.7638708571	-6.1698242086	V1
0	1	0	0
11.4737999000	-6.1377714671	-6.0115638686	V1
0	1	0	0
12.5816001900	-4.7134710771	-6.1698242086	V1
0	1	0	0
12.8981002800	-5.6630712971	-3.9542343086	V1
0	1	0	0
12.8981002800	-4.3969709871	-5.2202339086	V1
0	1	0	0
13.2147003200	-5.6630712971	-6.1698242086	V1
0	1	0	0
13.8477005000	-6.6125708071	-3.9542343086	V1
0	1	0	0
13.8477005000	-5.3464712571	-3.6376342686	V1
0	1	0	0
14.1641998300	-2.8143713471	-5.2202339086	V1
0	1	0	0
14.7972000200	-1.5482717971	-4.2707343886	V1
0	1	0	0
15.1138000500	-6.9290708971	-4.2707343886	V1
0	1	0	0
15.7468002300	-1.8647711271	-3.6376342686	V1
0	1	0	0
15.7468002300	-1.2317709471	-3.3211341786	V1
0	1	0	0
16.0632995600	-2.8143713471	-2.6881339986	V1
0	1	0	0
12.1068008400	-7.0873609971	-6.3280845586	V1
0	1	0	0
17.3294006400	-1.5482717971	-5.8533042886	V1
0	1	0	0
13.0563995400	-4.5551718271	-1.2638336186	V1
0	1	0	0
17.9623992900	-1.2317709471	-5.5367843586	V1
0	1	0	0
17.9623992900	0.3508294629	-4.5872344886	V1
0	1	0	0
18.2789001500	-1.8647711271	-3.9542343086	V1
0	1	0	0
19.2285003700	6.6812310729	-4.5872344886	V1
0	1	0	0
13.6893997200	-5.8212721371	-4.1124351486	V1
0	1	0	0
21.1276001000	1.6169290029	-6.8028640686	V1
0	1	0	0
14.0059005700	-3.9221716371	-0.6307342486	V1
0	1	0	0
36.3204986600	19.9749291929	22.0003646914	V1
0	1	0	0
17.9623992900	-4.7134710771	-3.9542343086	V1
0	1	0	0
14.0059005700	-3.2891714571	-0.6307342486	V1
0	1	0	0
36.9535003700	19.6584283329	20.7342666615	V1
0	1	0	0
36.9535003700	20.6080285629	22.0003646914	V1
0	1	0	0
36.9535003700	20.6080285629	22.6333664015	V1
0	1	0	0
37.2700988800	19.0254296729	21.0507644714	V1
0	1	0	0
14.3225006100	-1.0734716871	-5.0620338386	V1
0	1	0	0
37.2700988800	20.6080285629	19.7846664515	V1
0	1	0	0
37.5865997400	19.6584283329	20.1012649614	V1
0	1	0	0
37.5865997400	20.6080285629	20.4177658114	V1

116
110
0	0	18	0
16.3710610306	1.0155766806	-1.1476314072	I18
0	0	14	0
13.2937928357	-2.4912401492	-1.7505013899	I14
0	0	13	0
16.7328924362	0.1356788600	-0.3705295953	I13
0	0	10	0
17.5035000670	-0.5424104337	1.7854630131	I10
0	0	7	0
14.8198427514	2.5391238566	7.1911338558	I7
0	0	4	0
15.1138000500	2.9234847973	7.6885137001	I4
0	0	3	0
16.1160664867	1.0771430956	-0.6464701233	I3
0	0	3	0
14.6917333000	-10.7923268677	-7.0295839899	I3
0	0	1	0
9.5746902500	2.7652091923	6.7389623101	I1
0	0	1	0
11.1572990400	2.7652091923	-2.4400370199	I1
0	0	1	0
12.7399002100	-2.6155906677	-1.1740366599	I1
0	0	1	0
14.0059005700	-10.5285602577	-6.5548075299	I1
0	0	1	0
14.6389999400	-10.2120399477	-7.5043673100	I1
0	0	1	0
15.2720001200	1.8157096923	7.3719624901	I1
0	0	1	0
15.2720001200	2.4487098623	7.3719624901	I1
0	0	1	0
15.5884994600	7.1965095523	6.1059621300	I1
0	0	1	0
16.2216003400	0.2331092823	-0.2244379599	I1
0	0	1	0
16.8546005300	4.3478096023	-0.8574366199	I1
0	0	1	0
17.1710998600	4.6643104523	-0.8574366199	I1
0	0	1	0
17.4876999000	0.2331092823	-0.5409372899	I1
0	0	1	0
17.8042007400	-0.0834907477	2.3077626701	I1
0	0	1	0
20.6527999900	4.0313102723	1.0416631101	I1
0	0	1	0
21.2858993600	0.2331092823	-1.8070368399	I1
0	0	1	0
21.6024017300	0.5496101323	-1.8070368399	I1
0	0	1	0
22.2354003900	-3.2485908577	-9.0869574099	I1
0	0	1	0
22.2354003900	-2.2990898177	-6.5548075299	I1
0	0	1	0
22.2354003900	-1.9825904877	-6.2382875999	I1
0	0	1	0
8.1503501900	-5.6224899277	-7.9791369099	I1
0	0	1	0
9.0999099800	-2.1407905577	-2.9148371299	I1
0	0	1	0
10.3660003700	4.1895103423	4.6815633201	I1
0	0	1	0
11.6320999200	0.7078102123	4.9981633601	I1
0	0	1	0
11.9486000100	0.7078102123	4.6815633201	I1
0	0	1	0
12.5816001900	-2.7738899277	-6.7130671099	I1
0	0	1	0
13.5311996500	-2.7738899277	-1.9652369099	I1
0	0	1	0
9.2581703200	-2.6155906677	-2.4400370199	I1
0	0	1	0
16.6964004600	-0.2416908277	0.2503621501	I1
0	0	1	0
16.6964004600	1.6574104323	-0.6992365399	I1
0	0	1	0
17.0128997800	-0.5581901577	0.2503621501	I1
0	0	1	0
17.0128997800	3.8730094923	-0.3827372099	I1
0	0	1	0
17.6458999700	-5.6224899277	-2.2818369499	I1
0	0	1	0
17.9623992900	-0.2416908277	1.8329625501	I1
0	0	1	0
18.5955001800	4.8226097123	2.7824620600	I1
0	0	1	0
18.5955001800	5.1391090323	2.4659627401	I1
0	0	1	0
22.3936996600	-2.7738899277	-8.6121775199	I1
0	0	1	0
22.3936996600	-2.1407905577	-5.7635073299	I1
0	0	1	0
22.7102005000	-0.2416908277	-11.7773672700	I1
0	18	0	0
14.9555052883	1.5167321967	3.8023737667	V18
0	5	0	0
16.8863000520	-0.1783906577	-5.1304470219	V5
0	4	0	0
13.3729003900	-7.2051179927	-8.0582672674	V4
0	4	0	0
16.0633499150	1.7365596823	3.4946378151	V4
0	4	0	0
16.2215999600	3.0025848373	3.7320126950	V4
0	3	0	0
15.2192667633	2.2904431589	5.6311625234	V3
0	2	0	0
15.1929000850	-1.7451896727	-4.8930868699	V2
0	2	0	0
13.0563995400	-6.5720802327	-6.8713274599	V2
0	2	0	0
16.3798500050	-1.0329902677	-4.9722368799	V2
0	2	0	0
15.5093994200	0.9452598573	4.6024632850	V2
0	2	0	0
16.5380996700	0.3913597073	3.5737630301	V2
0	2	0	0
13.2147003200	-4.0398902877	-0.8574869699	V2
0	2	0	0
16.0632995600	2.1321594223	2.7824620600	V2
0	2	0	0
16.3798004200	2.6069099423	3.8903127101	V2
0	1	0	0
14.6389999400	0.2331092823	3.8902623600	V1
0	1	0	0
14.9554992700	0.8661094623	4.5233632500	V1
0	1	0	0
14.9554992700	4.9808097823	3.2572621701	V1
0	1	0	0
15.5884994600	-0.7164909377	-3.0731363899	V1
0	1	0	0
15.5884994600	0.2331092823	-4.0226381899	V1
0	1	0	0
15.5884994600	1.8157096923	-5.6052469799	V1
0	1	0	0
15.5884994600	2.4487098623	1.9911626301	V1
0	1	0	0
15.5884994600	2.4487098623	4.5233632500	V1
0	1	0	0
16.2216003400	-2.2990898177	-2.7565378799	V1
0	1	0	0
16.2216003400	0.2331092823	-6.2382875999	V1
0	1	0	0
16.2216003400	0.8661094623	-3.3896372299	V1
0	1	0	0
16.2216003400	2.1322105323	-3.0731363899	V1
0	1	0	0
16.2216003400	4.6643104523	5.4728627601	V1
0	1	0	0
16.5380996700	1.8157096923	5.1563634301	V1
0	1	0	0
16.5380996700	4.3478096023	4.2068623901	V1
0	1	0	0
16.8546005300	3.3982093823	5.7894628001	V1
0	1	0	0
16.8546005300	4.0313102723	4.5233632500	V1
0	1	0	0
17.1710998600	1.4991096523	0.4085622301	V1
0	1	0	0
18.1207000700	-1.0329902677	-4.9722368799	V1
0	1	0	0
18.1207000700	0.5496101323	-3.7061373299	V1
0	1	0	0
18.4371994000	-0.3999900877	-6.2382875999	V1
0	1	0	0
18.7537002600	-0.7164909377	-3.3896372299	V1
0	1	0	0
18.7537002600	0.5496101323	-3.7061373299	V1
0	1	0	0
19.0701995900	-1.6660896377	-5.6052469799	V1
0	1	0	0
19.0701995900	-1.3494895977	-6.5548075299	V1
0	1	0	0
19.0701995900	-0.3999900877	-6.5548075299	V1
0	1	0	0
19.3867996200	-1.6660896377	-4.6557375499	V1
0	1	0	0
19.7033004800	-0.3999900877	-4.0226381899	V1
0	1	0	0
11.9486000100	-2.1407905577	2.4659627401	V1
0	1	0	0
12.8981002800	-7.2051200877	-7.0295870399	V1
0	1	0	0
12.8981002800	-3.0903900177	-4.1809374299	V1
0	1	0	0
12.1068008400	-6.4138198877	-8.1373972500	V1
0	1	0	0
13.2147003200	2.6069099423	4.6815633201	V1
0	1	0	0
14.4807006900	-2.7738899277	-3.8644373499	V1
0	1	0	0
14.7972000200	0.0748100223	5.3146626900	V1
0	1	0	0
14.7972000200	1.3409095723	4.3650624701	V1
0	1	0	0
14.7972000200	2.6069099423	4.6815633201	V1
0	1	0	0
14.7972000200	3.5565101623	1.5164632301	V1
0	1	0	0
15.1138000500	-2.1407905577	-1.0157373999	V1
0	1	0	0
15.4302993800	-0.8747901877	-6.0800272499	V1
0	1	0	0
15.4302993800	2.6069099423	4.0485631401	V1
0	1	0	0
15.7468002300	1.0244102523	5.9476628701	V1
0	1	0	0
15.7468002300	1.3409095723	2.4659627401	V1
0	1	0	0
13.0563995400	-7.0468605077	-5.9217669099	V1
0	1	0	0
16.3798004200	-0.5581901577	4.0485631401	V1
0	1	0	0
16.3798004200	0.3913093523	4.6815633201	V1
0	1	0	0
14.0059005700	3.7148094123	2.3077626701	V1
0	1	0	0
16.3798004200	3.5565101623	3.7320622801	V1
0	1	0	0
16.6964004600	-1.5077903777	-3.8644373499	V1
0	1	0	0
14.6389999400	-0.7164909377	3.5737630301	V1
0	1	0	0
17.3294006400	-0.5581901577	-4.1809374299	V1
0	1	0	0
17.3294006400	1.0244102523	4.3650624701	V1
0	1	0	0
17.6458999700	-1.5077903777	-6.7130671099	V1
0	1	0	0
17.6458999700	4.5061103823	0.5668630001	V1
0	1	0	0
18.2789001500	-0.2416908277	-1.9652369099	V1
0	1	0	0
18.9119995100	-0.5581901577	-4.4974375300	V1
