61.6667d0	!Average number of displaced atoms per cascade (used for dpa calculation)

9		!number of cascades

119		!number of defects
65		!number of displaced atoms
0	0	3	0	0
0.6553421798	2.9838466387	-0.2058733894	I3
0	0	2	0	0
-2.1295878202	-1.977720028	-0.2786733894	I2
0	0	2	0	0
-2.0059628202	2.345679972	2.9040266106	I2
0	0	2	0	0
-0.8665028202	2.634129972	-0.5640233894	I2
0	0	2	0	0
1.5937751798	2.463879972	-1.4486733894	I2
0	0	2	0	0
4.3434271798	-3.649420028	-3.9206733894	I2
0	0	1	0	0
-4.8871478202	4.001479972	4.9809266106	I1
0	0	1	0	0
-4.5517178202	-1.898420028	4.3200266106	I1
0	0	1	0	0
-3.3858378202	0.282779972	0.9505266106	I1
0	0	1	0	0
-3.3849778202	-0.030220028	1.2116266106	I1
0	0	1	0	0
-3.2453278202	3.607679972	2.5450266106	I1
0	0	1	0	0
-3.3861178202	4.418779972	4.5558266106	I1
0	0	1	0	0
-3.7001378202	4.154879972	4.5407266106	I1
0	0	1	0	0
-3.3687278202	6.457479972	6.5613266106	I1
0	0	1	0	0
-3.3701278202	6.759479972	6.2804266106	I1
0	0	1	0	0
-3.1436878202	-5.507520028	-5.5763733894	I1
0	0	1	0	0
-2.0277978202	-0.457320028	-3.5247733894	I1
0	0	1	0	0
-2.6899578202	-0.746620028	5.5872266106	I1
0	0	1	0	0
-2.3771178202	2.548179972	-2.1375733894	I1
0	0	1	0	0
-1.9590178202	3.432079972	0.6609266106	I1
0	0	1	0	0
-2.9499878202	4.086179972	1.8080266106	I1
0	0	1	0	0
-2.2243078202	6.449979972	6.6128266106	I1
0	0	1	0	0
-0.6204978202	-4.514820028	-2.0588733894	I1
0	0	1	0	0
-0.7762678202	-1.424720028	0.2270266106	I1
0	0	1	0	0
-1.6309678202	-1.772820028	2.4135266106	I1
0	0	1	0	0
-0.9021778202	2.410479972	2.0992266106	I1
0	0	1	0	0
-1.3712278202	4.860679972	-1.9982733894	I1
0	0	1	0	0
-0.6506478202	4.155679972	4.0007266106	I1
0	0	1	0	0
-0.9270878202	4.122879972	3.6953266106	I1
0	0	1	0	0
-0.5191578202	6.439179972	0.8393266106	I1
0	0	1	0	0
0.3567421798	-6.328120028	-2.3754733894	I1
0	0	1	0	0
0.0785621798	-6.377520028	-2.0828733894	I1
0	0	1	0	0
0.9417321798	-3.658120028	-4.9488733894	I1
0	0	1	0	0
1.2205101798	-3.642620028	-4.6559733894	I1
0	0	1	0	0
0.7071421798	-2.467720028	0.2285266106	I1
0	0	1	0	0
1.0767831798	-2.056120028	-2.3655733894	I1
0	0	1	0	0
1.2366791798	-1.296720028	-0.3668733894	I1
0	0	1	0	0
0.0627721798	1.507279972	5.2624266106	I1
0	0	1	0	0
2.6950671798	-4.584720028	-5.3867733894	I1
0	0	1	0	0
1.3926031798	-2.060720028	-2.0976733894	I1
0	0	1	0	0
1.5228531798	-1.744520028	4.2654266106	I1
0	0	1	0	0
2.3619001798	1.811179972	1.7981266106	I1
0	0	1	0	0
2.0730977798	1.813879972	1.5163266106	I1
0	0	1	0	0
1.4136121798	2.272279972	-1.4861733894	I1
0	0	1	0	0
1.3746661798	4.318379972	-1.9554733894	I1
0	0	1	0	0
4.1030421798	-3.639920028	-4.2083733894	I1
0	0	1	0	0
3.4041221798	-3.118120028	-0.7646733894	I1
0	0	1	0	0
4.0185921798	-2.190320028	-2.2490733894	I1
0	0	1	0	0
3.4019621798	7.389179972	-2.7973733894	I1
0	0	1	0	0
5.2718721798	-6.225420028	-4.2676733894	I1
0	0	1	0	0
5.2612921798	-6.549120028	-4.5342733894	I1
0	0	1	0	0
4.6997721798	-4.248320028	-3.4113733894	I1
0	0	1	0	0
4.9657321798	-4.245520028	-3.0813733894	I1
0	0	1	0	0
5.7677621798	7.007379972	4.4105266106	I1
0	0	1	0	0
6.9165021798	-1.495120028	1.2646266106	I1
0	0	1	0	0
7.5842621798	-4.497820028	0.7516266106	I1
0	0	1	0	0
8.2733421798	-1.137020028	-0.2008733894	I1
0	0	1	0	0
7.4356221798	3.612379972	-6.8530733894	I1
0	2	0	0	0
-4.8231028202	-2.339070028	1.9531266106	V2
0	3	0	0	0
-4.6087678202	5.5128466387	5.483259944	V3
0	2	0	0	0
-1.2193128202	-3.203370028	-2.3684233894	V2
0	1	0	0	0
-5.1852278202	5.512779972	5.7713266106	V1
0	1	0	0	0
-4.1743678202	-2.411120028	1.0167266106	V1
0	1	0	0	0
-4.3187078202	-2.555120028	1.7371266106	V1
0	1	0	0	0
-3.3096578202	-2.122920028	0.4406266106	V1
0	1	0	0	0
-4.0320678202	4.936579972	4.6189266106	V1
0	1	0	0	0
-4.4645178202	5.368779972	5.0510266106	V1
0	1	0	0	0
-2.1572178202	0.182279972	0.7291266106	V1
0	1	0	0	0
-2.0137078202	0.326479972	2.3140266106	V1
0	1	0	0	0
-2.0133678202	1.478979972	1.1614266106	V1
0	1	0	0	0
-1.8696778202	1.911279972	2.1700266106	V1
0	1	0	0	0
-2.4464778202	1.046879972	3.6106266106	V1
0	1	0	0	0
-2.0142078202	3.207879972	3.1785266106	V1
0	1	0	0	0
-0.4266778202	-5.004120028	-2.4403733894	V1
0	1	0	0	0
-1.0033978202	-2.699120028	-1.8640733894	V1
0	1	0	0	0
-0.5709678202	-2.843120028	-2.2961733894	V1
0	1	0	0	0
-0.2827678202	-3.131220028	-2.2961733894	V1
0	1	0	0	0
-1.7236278202	-3.419520028	-2.2964733894	V1
0	1	0	0	0
-1.1486878202	0.614579972	0.8734266106	V1
0	1	0	0	0
-1.7251978202	1.478979972	1.1615266106	V1
0	1	0	0	0
-0.7164778202	0.758779972	1.0176266106	V1
0	1	0	0	0
-1.4369578202	2.055279972	0.8734266106	V1
0	1	0	0	0
-0.8604478202	1.190879972	0.5853266106	V1
0	1	0	0	0
-1.2929378202	0.758679972	1.3056266106	V1
0	1	0	0	0
-1.1498078202	2.055479972	3.7549266106	V1
0	1	0	0	0
-1.1495278202	0.902879972	3.1786266106	V1
0	1	0	0	0
-0.2842978202	2.631679972	0.8737266106	V1
0	1	0	0	0
-1.7255878202	2.631579972	2.0260266106	V1
0	1	0	0	0
-1.4371878202	2.343479972	1.4497266106	V1
0	1	0	0	0
-1.4377578202	3.207979972	2.8905266106	V1
0	1	0	0	0
-0.4277178202	4.216279972	-1.2873733894	V1
0	1	0	0	0
0.2945221798	-3.419520028	-4.8893733894	V1
0	1	0	0	0
0.2941821798	-2.843120028	-4.0248733894	V1
0	1	0	0	0
-0.1387578202	-2.699020028	-2.1520733894	V1
0	1	0	0	0
-0.1386978202	-3.563420028	-2.1520733894	V1
0	1	0	0	0
0.2936221798	-3.707420028	-2.2960733894	V1
0	1	0	0	0
0.4379321798	-3.275320028	-3.0163733894	V1
0	1	0	0	0
0.7261721798	-2.699020028	-3.3044733894	V1
0	1	0	0	0
1.0144121798	-2.122720028	-3.5925733894	V1
0	1	0	0	0
1.0136421798	0.182479972	-1.8635733894	V1
0	1	0	0	0
0.5810021798	0.326579972	-0.8550733894	V1
0	1	0	0	0
0.4371621798	0.470579972	-1.5754733894	V1
0	1	0	0	0
0.2913721798	0.614879972	3.1789266106	V1
0	1	0	0	0
0.0038121798	2.055479972	1.1618266106	V1
0	1	0	0	0
0.2923021798	2.055379972	0.2975266106	V1
0	1	0	0	0
0.4363621798	1.623279972	0.4416266106	V1
0	1	0	0	0
0.1481921798	1.623179972	0.4415266106	V1
0	1	0	0	0
0.2922821798	2.343579972	0.2975266106	V1
0	1	0	0	0
1.1555531798	2.631979972	3.7554266106	V1
0	1	0	0	0
1.1558631798	2.631979972	2.8910266106	V1
0	1	0	0	0
1.4466741798	-2.843020028	-3.4483733894	V1
0	1	0	0	0
1.8790831798	-2.698920028	-3.8804733894	V1
0	1	0	0	0
2.7431791798	-2.410620028	-2.7277733894	V1
0	1	0	0	0
2.7433001798	-2.698820028	-3.0158733894	V1
0	1	0	0	0
1.8787561798	-2.410720028	-3.0160733894	V1
0	1	0	0	0
3.8966321798	-5.868220028	-4.1683733894	V1
0	1	0	0	0
2.8880001798	-4.859820028	-4.3125733894	V1
0	1	0	0	0
2.8875521798	-2.842820028	-3.4480733894	V1
0	1	0	0	0
5.3372421798	-5.003620028	-3.5917733894	V1

125
69
0	0	4	0	0
-3.9086044715	4.8813422667	-1.2677454667	I4
0	0	3	0	0
4.1747988619	-3.2373410667	3.8204128667	I3
0	0	2	0	0
-4.3645844715	1.7966422667	-1.1291204667	I2
0	0	2	0	0
2.5239855285	-1.9522577333	1.9477295333	I2
0	0	2	0	0
1.6532530285	-1.9515077333	-5.3784704667	I2
0	0	2	0	0
-2.1671294715	2.4140422667	-6.4361204667	I2
0	0	2	0	0
5.9618905285	-3.9800077333	5.5437295333	I2
0	0	2	0	0
0.3826080285	-4.3871077333	-5.9824204667	I2
0	0	2	0	0
-0.9575494715	1.2219422667	-1.2095704667	I2
0	0	2	0	0
-0.0500594715	-3.7194577333	0.1722295333	I2
0	0	1	0	0
4.1599255285	-1.4366077333	7.2013795333	I1
0	0	1	0	0
2.8133455285	7.9059922667	6.6361795333	I1
0	0	1	0	0
-0.0069744715	-4.2966077333	-6.4389204667	I1
0	0	1	0	0
1.8868265285	-2.3252077333	6.5253795333	I1
0	0	1	0	0
1.5714655285	-2.5992077333	6.5099795333	I1
0	0	1	0	0
5.7419355285	2.0087922667	-4.7339204667	I1
0	0	1	0	0
1.5846705285	0.8334922667	7.0096795333	I1
0	0	1	0	0
-0.4409944715	-3.6786077333	5.2230795333	I1
0	0	1	0	0
-5.5944244715	-4.6216077333	4.7905795333	I1
0	0	1	0	0
3.9370655285	-0.3032077333	-1.8553204667	I1
0	0	1	0	0
-1.7305944715	-4.7951077333	4.0539795333	I1
0	0	1	0	0
-5.0566744715	8.2762922667	-0.2611204667	I1
0	0	1	0	0
-1.4685544715	3.0177922667	1.9618795333	I1
0	0	1	0	0
2.5319855285	-5.3430077333	-3.4594204667	I1
0	0	1	0	0
2.4320555285	-0.1665077333	-6.2062204667	I1
0	0	1	0	0
2.2174165285	-1.6041077333	-4.1682204667	I1
0	0	1	0	0
1.3038924285	-1.2438077333	-2.4462204667	I1
0	0	1	0	0
-3.6157944715	-5.5092077333	1.7658795333	I1
0	0	1	0	0
0.8442105285	-3.7611077333	-2.2929204667	I1
0	0	1	0	0
1.2873526285	0.4261922667	-1.8211204667	I1
0	0	1	0	0
0.1339855285	-0.1252077333	-1.8385204667	I1
0	0	1	0	0
-5.1534644715	6.7533922667	4.0440795333	I1
0	0	1	0	0
-2.3373444715	1.4482922667	-2.2961204667	I1
0	0	1	0	0
-3.7926644715	0.2709922667	7.3751795333	I1
0	0	1	0	0
-3.0312944715	6.7520922667	-1.4002204667	I1
0	0	1	0	0
-4.2630144715	-4.0614077333	3.3279795333	I1
0	0	1	0	0
-0.6159344715	0.7088922667	-4.8714204667	I1
0	0	1	0	0
-0.7239844715	-1.1690077333	-5.5980204667	I1
0	0	1	0	0
1.5801955285	0.3995922667	-1.5505204667	I1
0	0	1	0	0
-1.7015244715	3.4490922667	-1.8497204667	I1
0	0	1	0	0
1.3067452285	0.1128922667	-1.5585204667	I1
0	0	1	0	0
0.0005655285	0.9148922667	6.5149795333	I1
0	0	1	0	0
1.2988986285	4.3947922667	-2.1259204667	I1
0	0	1	0	0
-2.3403044715	1.7386922667	-2.5526204667	I1
0	0	1	0	0
-0.4303844715	0.4033922667	-2.1095204667	I1
0	0	1	0	0
1.2104425285	-3.7536077333	-2.1298204667	I1
0	0	1	0	0
0.5687245285	0.8500922667	0.8512795333	I1
0	0	1	0	0
-2.4627544715	7.8340922667	5.6109795333	I1
0	0	1	0	0
0.9968225285	-3.6269077333	1.8346795333	I1
0	0	1	0	0
3.3229955285	4.6526922667	-2.8550204667	I1
0	0	1	0	0
1.4445913285	-2.1820077333	-3.0822204667	I1
0	0	1	0	0
1.8096005285	-1.8845077333	5.0815795333	I1
0	0	1	0	0
-0.8813644715	0.6944922667	-5.1978204667	I1
0	0	1	0	0
1.8476025285	0.2684922667	-6.4792204667	I1
0	0	1	0	0
2.3336255285	0.2588922667	-6.6010204667	I1
0	0	1	0	0
-3.9252944715	2.8544922667	-6.8693204667	I1
0	1	0	0	0
2.5111855285	-1.3830077333	7.1544795333	V1
0	1	0	0	0
2.7993755285	-1.3829077333	7.1544795333	V1
0	1	0	0	0
0.0617755285	-3.5441077333	7.2975795333	V1
0	1	0	0	0
0.4938465285	-0.5187077333	6.8658795333	V1
0	1	0	0	0
3.8085155285	-4.6965077333	6.7223795333	V1
0	1	0	0	0
-0.0825144715	0.0574922667	6.5775795333	V1
0	1	0	0	0
1.7909255285	-1.5272077333	6.4339795333	V1
0	1	0	0	0
0.9265475285	-3.2560077333	6.4335795333	V1
0	1	0	0	0
0.2060955285	-3.1120077333	6.2893795333	V1
0	1	0	0	0
2.0794635285	-3.2560077333	5.8576795333	V1
0	1	0	0	0
4.0968255285	-4.4084077333	6.1462795333	V1
0	1	0	0	0
1.7914045285	-2.9680077333	5.2814795333	V1
0	1	0	0	0
2.3679855285	-4.1205077333	4.9934795333	V1
0	1	0	0	0
2.2238565285	-3.4002077333	4.8493795333	V1
0	1	0	0	0
4.0972555285	-3.8323077333	4.4177795333	V1
0	1	0	0	0
4.5295855285	-3.9764077333	4.2737795333	V1
0	1	0	0	0
2.9446855285	-4.1206077333	3.8411795333	V1
0	1	0	0	0
1.9359895285	-3.4003077333	3.6968795333	V1
0	1	0	0	0
2.5125455285	-4.2647077333	3.4088795333	V1
0	1	0	0	0
-3.2510444715	-5.9939077333	3.4071795333	V1
0	1	0	0	0
-3.5392344715	-5.9939077333	3.4070795333	V1
0	1	0	0	0
-3.3964744715	7.4042922667	2.9759795333	V1
0	1	0	0	0
-3.5404644715	7.5482922667	2.5438795333	V1
0	1	0	0	0
1.6481405285	-2.8242077333	2.2563795333	V1
0	1	0	0	0
1.6482205285	-2.8243077333	1.9682795333	V1
0	1	0	0	0
-2.9637344715	7.2600922667	1.3915795333	V1
0	1	0	0	0
-3.1078244715	6.8278922667	1.5355795333	V1
0	1	0	0	0
-2.9635844715	5.8193922667	1.3914795333	V1
0	1	0	0	0
-1.8106244715	4.6668922667	1.1035795333	V1
0	1	0	0	0
-3.1074544715	5.6751922667	0.6711795333	V1
0	1	0	0	0
-3.2514644715	5.2429922667	0.5270795333	V1
0	1	0	0	0
-3.5397644715	5.5311922667	0.8150795333	V1
0	1	0	0	0
-3.2513844715	5.2429922667	0.2389795333	V1
0	1	0	0	0
-1.9544944715	4.5226922667	0.3832795333	V1
0	1	0	0	0
0.9281745285	-2.6804077333	0.3835795333	V1
0	1	0	0	0
-3.9717144715	5.0987922667	-0.1934204667	V1
0	1	0	0	0
-4.2599144715	5.0987922667	-0.1935204667	V1
0	1	0	0	0
0.9285135285	-2.1043077333	-1.0569204667	V1
0	1	0	0	0
-2.9625244715	3.5139922667	-1.4897204667	V1
0	1	0	0	0
-3.9711344715	3.3698922667	-1.6340204667	V1
0	1	0	0	0
0.4965615285	-2.5366077333	-2.0654204667	V1
0	1	0	0	0
-2.0974844715	2.0732922667	-2.6419204667	V1
0	1	0	0	0
-2.0976744715	2.3614922667	-2.0657204667	V1
0	1	0	0	0
0.3522555285	0.4886922667	-2.4973204667	V1
0	1	0	0	0
0.0642455285	-0.3757077333	-2.7856204667	V1
0	1	0	0	0
-0.2239844715	0.7766922667	-3.0737204667	V1
0	1	0	0	0
0.7848525285	-0.5198077333	-3.2175204667	V1
0	1	0	0	0
0.2084255285	-0.8080077333	-2.9296204667	V1
0	1	0	0	0
0.2085655285	-1.3843077333	-3.2178204667	V1
0	1	0	0	0
3.2340055285	3.9463922667	-3.3605204667	V1
0	1	0	0	0
1.6492795285	1.4970922667	-3.5052204667	V1
0	1	0	0	0
1.0729955285	0.6326922667	-3.5055204667	V1
0	1	0	0	0
0.0643555285	0.7766922667	-3.6498204667	V1
0	1	0	0	0
1.5053175285	-0.0876077333	-3.3613204667	V1
0	1	0	0	0
-1.0883044715	-0.0878077333	-3.6502204667	V1
0	1	0	0	0
-0.5119744715	-0.3759077333	-3.3619204667	V1
0	1	0	0	0
-0.9442144715	0.3443922667	-3.7942204667	V1
0	1	0	0	0
-0.9441244715	-0.5200077333	-3.7942204667	V1
0	1	0	0	0
-0.2236644715	0.7765922667	-4.2261204667	V1
0	1	0	0	0
-0.6560044715	0.9206922667	-4.0821204667	V1
0	1	0	0	0
-0.0795644715	0.3443922667	-4.0820204667	V1
0	1	0	0	0
-0.6559144715	0.0562922667	-4.0822204667	V1
0	1	0	0	0
0.2089055285	-2.2488077333	-4.0821204667	V1
0	1	0	0	0
0.4972185285	-3.4013077333	-4.0822204667	V1
0	1	0	0	0
0.9296075285	-3.2572077333	-4.5142204667	V1
0	1	0	0	0
-0.3672944715	-1.6726077333	-4.9466204667	V1
0	1	0	0	0
-1.6642444715	1.0644922667	-5.6670204667	V1
0	1	0	0	0
2.6591355285	-0.9523077333	-6.8183204667	V1
0	1	0	0	0
2.3709455285	-0.9523077333	-6.8184204667	V1

100
62
0	0	9	0	0
-2.7320072094	2.3272640833	2.1334269167	I9
0	0	4	0	0
-1.6978641538	4.5759724167	1.1957019167	I4
0	0	3	0	0
1.5038817462	5.4361640833	2.46336025	I3
0	0	3	0	0
2.0863893462	-2.1198025833	1.3239269167	I3
0	0	3	0	0
1.4602910795	-2.8897359167	-1.9541730833	I3
0	0	2	0	0
2.1345223462	-2.5080525833	1.2286269167	I2
0	0	2	0	0
-1.6632616538	3.4781974167	-1.3996730833	I2
0	0	2	0	0
1.4091069962	-2.6991525833	-2.2153230833	I2
0	0	2	0	0
-0.5446766538	-3.9504525833	-3.0431230833	I2
0	0	1	0	0
-3.5126616538	3.0130974167	-5.2757730833	I1
0	0	1	0	0
1.7208823462	-0.6979025833	3.3361269167	I1
0	0	1	0	0
0.3566183462	-0.6460025833	3.2109269167	I1
0	0	1	0	0
-2.3886316538	1.5879974167	1.8982269167	I1
0	0	1	0	0
-2.4466316538	-2.0124025833	2.7346269167	I1
0	0	1	0	0
6.5572383462	-2.3055025833	2.4469269167	I1
0	0	1	0	0
-4.2524416538	2.9983974167	1.6006269167	I1
0	0	1	0	0
-3.3672216538	2.2953974167	1.6951269167	I1
0	0	1	0	0
-4.2768416538	3.3002974167	1.8709269167	I1
0	0	1	0	0
-2.2575116538	2.0209974167	1.7476269167	I1
0	0	1	0	0
-2.4067016538	1.8788974167	1.3341269167	I1
0	0	1	0	0
-2.5373416538	2.3046974167	1.7359269167	I1
0	0	1	0	0
3.6683083462	-1.2853025833	1.5377269167	I1
0	0	1	0	0
-0.6680516538	4.8619974167	1.0062269167	I1
0	0	1	0	0
6.2631483462	0.4033974167	0.8864269167	I1
0	0	1	0	0
6.8640383462	-1.6236025833	0.8800269167	I1
0	0	1	0	0
1.7876523462	-3.0306025833	-2.2858730833	I1
0	0	1	0	0
3.3543683462	-0.8559025833	-1.7330730833	I1
0	0	1	0	0
2.6527983462	-2.0139025833	2.0079269167	I1
0	0	1	0	0
2.3859873462	0.3019974167	0.5984269167	I1
0	0	1	0	0
5.9843983462	0.4156974167	0.5713269167	I1
0	0	1	0	0
4.9577283462	0.3251974167	0.7246269167	I1
0	0	1	0	0
2.0792993462	0.5832974167	0.6085269167	I1
0	0	1	0	0
3.6244083462	-4.7764025833	0.6187269167	I1
0	0	1	0	0
7.5454883462	-1.0146025833	-2.3503730833	I1
0	0	1	0	0
3.5162983462	1.6751974167	3.8275269167	I1
0	0	1	0	0
-4.9708116538	-1.5993025833	-2.7947730833	I1
0	0	1	0	0
-2.3164716538	-0.1766025833	-3.2995730833	I1
0	0	1	0	0
-4.0892116538	-2.6071025833	-3.5232730833	I1
0	0	1	0	0
-0.8728416538	-3.8946025833	-3.4400730833	I1
0	0	1	0	0
-4.5428416538	1.9048974167	-3.8673730833	I1
0	0	1	0	0
-3.8281616538	2.6217974167	-5.5923730833	I1
0	3	0	0	0
1.1488423462	-0.61046925	0.5691269167	V3
0	2	0	0	0
1.2216543462	-2.4590025833	-1.7124730833	V2
0	1	0	0	0
1.1476083462	4.3828974167	2.6827269167	V1
0	1	0	0	0
-3.0286216538	0.4938974167	2.5371269167	V1
0	1	0	0	0
1.2915843462	5.3911974167	2.2505269167	V1
0	1	0	0	0
1.0037873462	3.6626974167	2.2503269167	V1
0	1	0	0	0
5.6135483462	-1.8106025833	2.2518269167	V1
0	1	0	0	0
0.8598333462	3.8066974167	1.8180269167	V1
0	1	0	0	0
0.5719923462	2.3663974167	1.8179269167	V1
0	1	0	0	0
5.9015783462	-1.2344025833	1.9637269167	V1
0	1	0	0	0
5.0375583462	-1.8106025833	1.6752269167	V1
0	1	0	0	0
-1.7324516538	2.6543974167	1.5289269167	V1
0	1	0	0	0
-2.8846816538	1.7901974167	2.1049269167	V1
0	1	0	0	0
4.6055283462	-1.9547025833	1.5309269167	V1
0	1	0	0	0
4.6055683462	-2.2428025833	1.5309269167	V1
0	1	0	0	0
-0.0041016538	3.5185974167	0.9531269167	V1
0	1	0	0	0
-0.0040316538	2.6543974167	1.2413269167	V1
0	1	0	0	0
-0.0039316538	2.3662974167	0.9531269167	V1
0	1	0	0	0
-0.0039016538	1.7901974167	1.2413269167	V1
0	1	0	0	0
-0.8679216538	1.2139974167	0.9528269167	V1
0	1	0	0	0
-1.3000216538	1.0699974167	1.0967269167	V1
0	1	0	0	0
0.8607693462	-1.0906025833	0.9533269167	V1
0	1	0	0	0
1.1488283462	-1.0905025833	0.9534269167	V1
0	1	0	0	0
1.4372344462	-3.3951025833	0.9534269167	V1
0	1	0	0	0
-0.4359616538	2.2222974167	0.8088269167	V1
0	1	0	0	0
-0.2917416538	1.2139974167	0.6647269167	V1
0	1	0	0	0
-0.8677716538	0.6377974167	0.6645269167	V1
0	1	0	0	0
-2.8841816538	0.6377974167	0.6639269167	V1
0	1	0	0	0
0.4288183462	-1.8108025833	0.8090269167	V1
0	1	0	0	0
1.0052223462	-3.2511025833	0.5210269167	V1
0	1	0	0	0
-1.1558716538	1.7900974167	0.0881269167	V1
0	1	0	0	0
-1.1558316538	1.5019974167	0.0881269167	V1
0	1	0	0	0
-2.8841416538	1.2138974167	0.0875269167	V1
0	1	0	0	0
-1.7318816538	0.6377974167	0.3760269167	V1
0	1	0	0	0
-2.5959716538	0.0615974167	0.3758269167	V1
0	1	0	0	0
1.1490233462	-1.0906025833	0.0888269167	V1
0	1	0	0	0
-2.1639416538	1.0698974167	-0.0563730833	V1
0	1	0	0	0
-1.7317116538	0.3496974167	-0.2003730833	V1
0	1	0	0	0
1.5810783462	-0.6585025833	-0.0551730833	V1
0	1	0	0	0
0.5729743462	-1.0906025833	-0.1995730833	V1
0	1	0	0	0
-0.2912216538	-0.5145025833	-0.4880730833	V1
0	1	0	0	0
-0.0030816538	-1.0906025833	-0.4879730833	V1
0	1	0	0	0
-3.7478316538	-0.2265025833	-1.0656730833	V1
0	1	0	0	0
-0.1469816538	-1.2347025833	-0.9203730833	V1
0	1	0	0	0
0.5733873462	-2.5310025833	-1.0642730833	V1
0	1	0	0	0
-3.7479416538	0.9257974167	-1.3537730833	V1
0	1	0	0	0
-3.8917416538	-0.3706025833	-1.4979730833	V1
0	1	0	0	0
-3.4595816538	-0.2266025833	-1.9301730833	V1
0	1	0	0	0
-3.4595416538	-0.5146025833	-1.9301730833	V1
0	1	0	0	0
-4.3237816538	-0.5146025833	-1.6422730833	V1
0	1	0	0	0
-0.4348916538	-0.9467025833	-1.7850730833	V1
0	1	0	0	0
0.5736483462	-2.5311025833	-2.2170730833	V1
0	1	0	0	0
0.2855883462	-2.5311025833	-2.2171730833	V1
0	1	0	0	0
-0.0024716538	-2.5311025833	-2.2172730833	V1
0	1	0	0	0
-0.2902816538	-2.8192025833	-3.0819730833	V1
0	1	0	0	0
-0.4339516538	-4.1156025833	-3.8025730833	V1
0	1	0	0	0
-0.4339316538	-3.8275025833	-4.0907730833	V1
0	1	0	0	0
-4.7554516538	1.3576974167	-4.6684730833	V1
0	1	0	0	0
-0.5777316538	-4.2597025833	-4.8112730833	V1

80
49
0	0	3	0	0
-5.5410313439	2.0011285417	3.4984470833	I3
0	0	3	0	0
1.7021686561	-1.2005714583	3.20271375	I3
0	0	3	0	0
3.5593872228	-1.232938125	-1.3583529167	I3
0	0	2	0	0
-3.5455013439	1.571261875	0.9323970833	I2
0	0	2	0	0
-1.6490663439	0.316211875	0.5002970833	I2
0	0	2	0	0
-4.3368513439	1.647361875	0.3353970833	I2
0	0	2	0	0
-5.1982913439	1.944111875	3.2556470833	I2
0	0	2	0	0
1.3080736561	-2.947888125	-1.1216029167	I2
0	0	2	0	0
1.5076386561	2.068911875	-3.5284029167	I2
0	0	2	0	0
2.5036441561	-0.725688125	-3.4427029167	I2
0	0	2	0	0
4.1396561561	4.047461875	-3.5395529167	I2
0	0	1	0	0
-3.7210813439	-1.638138125	4.7637470833	I1
0	0	1	0	0
-3.2706413439	1.578161875	0.5511470833	I1
0	0	1	0	0
-3.1487113439	-1.919238125	-2.1539529167	I1
0	0	1	0	0
-3.0987513439	1.399761875	0.8493470833	I1
0	0	1	0	0
-1.7134313439	1.848161875	2.7698470833	I1
0	0	1	0	0
-1.5857913439	1.403761875	3.1772470833	I1
0	0	1	0	0
-2.2488413439	-2.593838125	0.0112470833	I1
0	0	1	0	0
-1.1666913439	2.288761875	-1.5345529167	I1
0	0	1	0	0
-0.9608513439	-1.636438125	5.0377470833	I1
0	0	1	0	0
-4.4338513439	1.470561875	0.4363470833	I1
0	0	1	0	0
-5.3054013439	0.695961875	-0.4049529167	I1
0	0	1	0	0
-4.9846913439	3.165361875	0.7964470833	I1
0	0	1	0	0
1.4304586561	-3.177738125	-0.8519529167	I1
0	0	1	0	0
1.4742986561	-0.897638125	4.1971470833	I1
0	0	1	0	0
1.4430886561	-1.189538125	3.9154470833	I1
0	0	1	0	0
2.1401386561	-2.379738125	0.1360470833	I1
0	0	1	0	0
2.7260006561	-5.233438125	-2.3537529167	I1
0	0	1	0	0
2.7863736561	2.569661875	-0.1643529167	I1
0	0	1	0	0
5.2902186561	-2.051138125	0.2564470833	I1
0	0	1	0	0
4.5412886561	-3.199838125	-1.1474529167	I1
0	0	1	0	0
4.5832386561	4.174061875	0.9948470833	I1
0	0	1	0	0
4.1987206561	-2.587638125	-2.5805529167	I1
0	0	1	0	0
3.6033246561	2.328061875	0.8646470833	I1
0	0	1	0	0
3.5831746561	-4.784538125	-0.2963529167	I1
0	3	0	0	0
0.8364286561	-0.052438125	-0.07328625	V3
0	3	0	0	0
3.2853221328	-3.5575714583	-0.9847529167	V3
0	1	0	0	0
-3.8205913439	1.051761875	1.7980470833	V1
0	1	0	0	0
-3.5319013439	0.187461875	0.0697470833	V1
0	1	0	0	0
-3.1008813439	0.331461875	3.0945470833	V1
0	1	0	0	0
-1.6594613439	0.907861875	-1.2261529167	V1
0	1	0	0	0
-0.3634013439	1.340061875	-1.3699529167	V1
0	1	0	0	0
-0.2198913439	-0.244538125	0.7906470833	V1
0	1	0	0	0
-0.0758913439	0.187561875	0.6466470833	V1
0	1	0	0	0
-0.0756613439	1.340061875	-0.5056529167	V1
0	1	0	0	0
0.0681286561	-0.244538125	0.7907470833	V1
0	1	0	0	0
0.4998286561	0.475761875	1.5110470833	V1
0	1	0	0	0
0.5001286561	1.051961875	0.3587470833	V1
0	1	0	0	0
0.5016286561	-1.829038125	-3.0980529167	V1
0	1	0	0	0
-4.2020313439	0.332061875	2.8096470833	V1
0	1	0	0	0
-4.3458413439	1.340461875	1.8013470833	V1
0	1	0	0	0
-4.2023013439	0.908261875	3.3857470833	V1
0	1	0	0	0
-4.6338013439	1.628561875	1.5131470833	V1
0	1	0	0	0
-4.9217813439	-0.100138125	2.0893470833	V1
0	1	0	0	0
-5.0658013439	0.332061875	1.9452470833	V1
0	1	0	0	0
-5.4970013439	0.187961875	-0.5034529167	V1
0	1	0	0	0
0.6439186561	0.907861875	1.0789470833	V1
0	1	0	0	0
0.6444786561	0.907861875	-0.6494529167	V1
0	1	0	0	0
0.6449486561	-0.532638125	-1.5136529167	V1
0	1	0	0	0
0.7882386561	-0.388538125	0.6469470833	V1
0	1	0	0	0
0.7883086561	0.475761875	0.0707470833	V1
0	1	0	0	0
0.9335486561	-1.396938125	-2.9538529167	V1
0	1	0	0	0
1.0763886561	0.763861875	-0.2172529167	V1
0	1	0	0	0
1.0767386561	-2.693338125	0.0709470833	V1
0	1	0	0	0
1.0768186561	-0.388538125	-1.0814529167	V1
0	1	0	0	0
1.2207786561	0.331761875	-1.2254529167	V1
0	1	0	0	0
1.2208586561	1.196061875	-1.8016529167	V1
0	1	0	0	0
1.2209886561	-0.532538125	-1.5135529167	V1
0	1	0	0	0
1.3650786561	-1.540938125	-1.3693529167	V1
0	1	0	0	0
1.5085086561	-1.108838125	0.2150470833	V1
0	1	0	0	0
1.9408486561	-0.964738125	-0.7931529167	V1
0	1	0	0	0
1.7969086561	0.331761875	-1.5133529167	V1
0	1	0	0	0
2.0845686561	-0.532538125	-0.0729529167	V1
0	1	0	0	0
2.3735386561	-1.396838125	-2.6654529167	V1
0	1	0	0	0
3.0935726561	-0.964638125	-2.8093529167	V1
0	1	0	0	0
4.2453956561	3.068861875	-3.6734529167	V1
0	1	0	0	0
3.5253816561	1.772361875	-3.2414529167	V1
0	1	0	0	0
3.3815886861	-0.964638125	-2.8092529167	V1
0	1	0	0	0
3.3812701161	2.204461875	-3.0974529167	V1
0	1	0	0	0
3.3806846361	-1.252738125	0.0714470833	V1

95
52
0	0	3	0	0
5.1829121081	-1.8337694737	1.1969840351	I3
0	0	3	0	0
-4.2488445586	-0.4736694737	0.7992840351	I3
0	0	3	0	0
3.2862754414	-1.9843694737	0.1855173684	I3
0	0	2	0	0
0.0918174414	-2.8422194737	-0.6090992982	I2
0	0	2	0	0
-0.1016595586	0.2085305263	-0.5964992982	I2
0	0	2	0	0
-0.2242195586	-2.7245194737	-0.2965992982	I2
0	0	1	0	0
2.7237854414	-3.2662694737	3.6254507018	I1
0	0	1	0	0
0.3002974414	3.4067305263	3.0913507018	I1
0	0	1	0	0
-0.1654645586	0.7346305263	1.8095507018	I1
0	0	1	0	0
7.6079154414	-2.1458694737	-2.0389492982	I1
0	0	1	0	0
0.2765764414	-0.9970694737	-3.4520492982	I1
0	0	1	0	0
6.3281854414	-2.4457694737	4.6346507018	I1
0	0	1	0	0
8.2051554414	-0.4380694737	0.6405507018	I1
0	0	1	0	0
3.7241254414	3.1455305263	2.7776507018	I1
0	0	1	0	0
0.2332514414	0.8353305263	2.2057507018	I1
0	0	1	0	0
-0.4433345586	4.0652305263	-1.9660492982	I1
0	0	1	0	0
-0.5865145586	-4.8481694737	1.3197507018	I1
0	0	1	0	0
1.4365904414	1.5774305263	-1.0344492982	I1
0	0	1	0	0
-1.3008045586	0.0212305263	-1.5252492982	I1
0	0	1	0	0
5.2897754414	-0.3000694737	4.9609507018	I1
0	0	1	0	0
-4.9384745586	1.3159305263	0.7498507018	I1
0	0	1	0	0
-4.4194045586	-0.7216694737	0.6162507018	I1
0	0	1	0	0
-2.7686945586	-0.4492694737	5.3493507018	I1
0	0	1	0	0
-3.8434445586	1.5835305263	-1.8336492982	I1
0	0	1	0	0
-4.7798845586	-2.0917694737	0.7673507018	I1
0	0	1	0	0
-0.7473045586	4.7006305263	0.0423507018	I1
0	0	1	0	0
0.9904258414	-3.4537694737	0.7048507018	I1
0	0	1	0	0
-0.8826045586	4.4655305263	-0.2763492982	I1
0	0	1	0	0
-0.6014045586	6.0177305263	-1.5084492982	I1
0	0	1	0	0
-0.3788545586	-0.4422694737	2.9256507018	I1
0	0	1	0	0
0.8679484414	3.5808305263	-1.0384492982	I1
0	0	1	0	0
1.4200674414	0.2109305263	1.1783507018	I1
0	0	1	0	0
-1.0239945586	-2.1692694737	1.3691507018	I1
0	0	1	0	0
0.1562374414	5.9669305263	-1.2386492982	I1
0	0	1	0	0
-1.6035245586	0.0140305263	-1.2527492982	I1
0	0	1	0	0
-0.7915345586	6.1846305263	-1.8137492982	I1
0	0	1	0	0
-3.0535945586	4.1383305263	-1.6944492982	I1
0	0	1	0	0
-3.7522145586	-2.8691694737	1.2650507018	I1
0	0	1	0	0
7.2490454414	-0.4261694737	-3.4963492982	I1
0	0	1	0	0
-4.0132445586	-2.7383694737	-2.0785492982	I1
0	0	1	0	0
-3.7701245586	-3.0551694737	-2.1107492982	I1
0	0	1	0	0
7.4766854414	1.4365305263	-2.4715492982	I1
0	0	1	0	0
-2.3262445586	0.3431305263	-3.2811492982	I1
0	0	1	0	0
1.9296504414	-0.0744694737	4.1539507018	V1
0	1	0	0	0
2.0738354414	0.0695305263	3.4336507018	V1
0	1	0	0	0
3.0829954414	-2.0914694737	0.4087507018	V1
0	1	0	0	0
0.4896024414	1.0779305263	3.0010507018	V1
0	1	0	0	0
1.3538254414	0.2135305263	3.0012507018	V1
0	1	0	0	0
2.6501654414	-0.7947694737	2.8576507018	V1
0	1	0	0	0
1.9299174414	0.7898305263	2.7133507018	V1
0	1	0	0	0
3.3701654414	0.5018305263	2.7137507018	V1
0	1	0	0	0
2.5063554414	-2.3795694737	2.7134507018	V1
0	1	0	0	0
1.9301494414	-0.6507694737	2.4252507018	V1
0	1	0	0	0
2.0743354414	-0.5067694737	1.7049507018	V1
0	1	0	0	0
3.2264654414	-0.7947694737	1.9934507018	V1
0	1	0	0	0
0.9223464414	-0.7949694737	1.1283507018	V1
0	1	0	0	0
1.9305054414	-1.2270694737	1.2727507018	V1
0	1	0	0	0
5.0991454414	-2.0913694737	0.9855507018	V1
0	1	0	0	0
-0.9497645586	-0.6510694737	0.4074507018	V1
0	1	0	0	0
1.7866504414	-1.0830694737	0.5523507018	V1
0	1	0	0	0
-0.9496045586	-2.0916694737	0.4074507018	V1
0	1	0	0	0
1.2105744414	-0.5068694737	0.2641507018	V1
0	1	0	0	0
-0.5175445586	-1.0832694737	-0.0245492982	V1
0	1	0	0	0
-0.8056245586	-1.3713694737	0.2634507018	V1
0	1	0	0	0
-2.8218545586	-1.3714694737	-0.0252492982	V1
0	1	0	0	0
-3.3978945586	-1.0834694737	-0.3135492982	V1
0	1	0	0	0
-3.8300045586	-0.9393694737	-0.1696492982	V1
0	1	0	0	0
-1.0935245586	-1.3714694737	-0.3128492982	V1
0	1	0	0	0
-2.8217745586	-1.3715694737	-0.3133492982	V1
0	1	0	0	0
-3.8299345586	-0.9393694737	-0.4577492982	V1
0	1	0	0	0
7.6917854414	-1.2268694737	-0.4542492982	V1
0	1	0	0	0
-1.5255645586	-1.2273694737	-0.4570492982	V1
0	1	0	0	0
-1.0934945586	-1.6595694737	-0.3128492982	V1
0	1	0	0	0
-1.6699045586	3.2385305263	-1.1773492982	V1
0	1	0	0	0
-2.5339645586	2.6622305263	-1.1775492982	V1
0	1	0	0	0
-0.5173245586	-1.0832694737	-0.8889492982	V1
0	1	0	0	0
-0.5172845586	-0.7951694737	-1.1770492982	V1
0	1	0	0	0
-2.8216945586	-0.7952694737	-0.8896492982	V1
0	1	0	0	0
-0.5176245586	2.9504305263	-1.4650492982	V1
0	1	0	0	0
-1.5256945586	2.5182305263	-1.6094492982	V1
0	1	0	0	0
-1.8138045586	2.5182305263	-1.3214492982	V1
0	1	0	0	0
-5.8459745586	-0.6514694737	-1.6108492982	V1
0	1	0	0	0
-5.8460445586	-0.6514694737	-1.3227492982	V1
0	1	0	0	0
-0.8056645586	3.5266305263	-1.7532492982	V1
0	1	0	0	0
-2.2456445586	1.5097305263	-1.7537492982	V1
0	1	0	0	0
-1.5254245586	0.7894305263	-1.8975492982	V1
0	1	0	0	0
-1.0932745586	0.3572305263	-2.0415492982	V1
0	1	0	0	0
-2.6775345586	0.2131305263	-1.8979492982	V1
0	1	0	0	0
-1.3814045586	1.7978305263	-2.3297492982	V1
0	1	0	0	0
-2.5335445586	1.5096305263	-2.3300492982	V1
0	1	0	0	0
7.6922654414	-1.5150694737	-2.1829492982	V1
0	1	0	0	0
-1.5250645586	-1.8037694737	-2.1857492982	V1
0	1	0	0	0
-6.1337545586	-0.3633694737	-2.7633492982	V1
0	1	0	0	0
-5.8456745586	-0.0752694737	-3.0514492982	V1
0	1	0	0	0
7.9804654414	-0.3625694737	-3.3353492982	V1

138
80
0	0	4	0	0
1.3420875626	4.8643807367	0.8757908213	I4
0	0	3	0	0
1.8316853959	0.17323907	-1.9942091787	I3
0	0	3	0	0
1.7260687293	4.67453907	0.9268574879	I3
0	0	3	0	0
-1.7669812707	-1.8912275966	-4.2441091787	I3
0	0	2	0	0
-0.9669179374	-4.9977942633	-1.9061591787	I2
0	0	2	0	0
-2.6966479374	-5.2934442633	-1.6228091787	I2
0	0	2	0	0
-2.8377679374	-3.3864942633	3.6949908213	I2
0	0	2	0	0
-3.1303779374	-3.2566442633	3.5271908213	I2
0	0	2	0	0
0.4687070626	6.3061057367	2.9663408213	I2
0	0	2	0	0
3.3502870626	4.5069057367	1.5240408213	I2
0	0	2	0	0
-2.3778729374	-3.5708442633	-1.6489091787	I2
0	0	2	0	0
0.7418495626	4.9541057367	-2.4924091787	I2
0	0	1	0	0
0.8091280626	1.2721057367	-1.9241091787	I1
0	0	1	0	0
4.4174920626	5.3365057367	2.7449908213	I1
0	0	1	0	0
5.7319320626	2.4465057367	2.4652908213	I1
0	0	1	0	0
1.4911720626	4.4282057367	1.7528908213	I1
0	0	1	0	0
0.2565725626	3.9536057367	1.9200908213	I1
0	0	1	0	0
-1.3517879374	-0.4825942633	-1.4181091787	I1
0	0	1	0	0
-4.5183279374	-3.0450942633	1.8879908213	I1
0	0	1	0	0
5.1317320626	-5.4749942633	4.3558908213	I1
0	0	1	0	0
-4.1222879374	-7.0857942633	1.5923908213	I1
0	0	1	0	0
4.2839220626	6.1849057367	0.8205908213	I1
0	0	1	0	0
1.6795520626	1.2729057367	-1.9183091787	I1
0	0	1	0	0
0.6621290626	5.2954057367	-2.2636091787	I1
0	0	1	0	0
1.4089220626	-6.1311942633	2.7605908213	I1
0	0	1	0	0
3.1120820626	5.0395057367	-4.2682091787	I1
0	0	1	0	0
1.9749520626	4.4219057367	1.1612908213	I1
0	0	1	0	0
2.8711120626	-5.0363942633	-3.4284091787	I1
0	0	1	0	0
1.3923420626	5.0939057367	-4.8574091787	I1
0	0	1	0	0
2.4052320626	5.5603057367	-0.2878091787	I1
0	0	1	0	0
-5.3693379374	-4.4342942633	-0.1212091787	I1
0	0	1	0	0
3.2055720626	-5.6264942633	-0.2642091787	I1
0	0	1	0	0
4.8700420626	4.7566057367	-1.1700091787	I1
0	0	1	0	0
3.8573320626	1.6445057367	-0.9908091787	I1
0	0	1	0	0
-3.4821879374	-5.1951942633	-1.1244091787	I1
0	0	1	0	0
-2.0614379374	-5.6381942633	6.4820908213	I1
0	0	1	0	0
-1.9733879374	-6.4922942633	-0.8418091787	I1
0	0	1	0	0
-1.6429579374	-0.4823942633	-1.6971091787	I1
0	0	1	0	0
-2.8315579374	-3.4763942633	-1.1143091787	I1
0	0	1	0	0
-3.0735579374	-4.7804942633	-1.2560091787	I1
0	0	1	0	0
1.3129220626	1.2708057367	-1.5610091787	I1
0	0	1	0	0
0.5118850626	1.2747057367	-1.7554091787	I1
0	0	1	0	0
-0.4891019374	-4.6437942633	6.5076908213	I1
0	0	1	0	0
-1.0403979374	-3.0680942633	2.0349908213	I1
0	0	1	0	0
0.6787270626	5.6148057367	-2.0408091787	I1
0	0	1	0	0
-0.3373169374	6.4650057367	-2.9020091787	I1
0	0	1	0	0
5.7386320626	6.4564057367	-3.4864091787	I1
0	0	1	0	0
3.0381420626	5.4331057367	-3.8387091787	I1
0	0	1	0	0
-1.2016479374	3.6490057367	-1.1242091787	I1
0	0	1	0	0
-0.7610889374	-1.9029942633	-3.7950091787	I1
0	0	1	0	0
-1.9279879374	-1.0678942633	-1.4109091787	I1
0	0	1	0	0
2.3968920626	-2.1947942633	-4.8915091787	I1
0	0	1	0	0
-2.9213679374	-4.9466942633	-1.6958091787	I1
0	0	1	0	0
-4.2203879374	-3.0560942633	1.6229908213	I1
0	0	1	0	0
-1.1305479374	-5.9318942633	8.5356908213	I1
0	0	1	0	0
-4.4421479374	-3.7760942633	4.6418908213	I1
0	0	1	0	0
5.4322720626	2.6901057367	2.4703908213	I1
0	0	1	0	0
-3.3698479374	-3.1772942633	2.7858908213	I1
0	0	1	0	0
-2.6381679374	-3.1856942633	-1.2717091787	I1
0	0	1	0	0
4.5591920626	3.6235057367	3.1923908213	I1
0	0	1	0	0
-3.3782179374	-3.4678942633	3.0570908213	I1
0	0	1	0	0
0.2126558626	-4.9172942633	2.9129908213	I1
0	0	1	0	0
0.1071029626	6.5317057367	3.0380908213	I1
0	3	0	0	0
0.4676077293	1.8246057367	-0.9542091787	V3
0	2	0	0	0
4.2830720626	4.1530057367	2.4789908213	V2
0	2	0	0	0
-4.5018629374	-2.7596942633	2.4766408213	V2
0	2	0	0	0
-0.1796199374	-2.1836442633	-2.2745091787	V2
0	1	0	0	0
1.4741720626	5.8089057367	2.8382908213	V1
0	1	0	0	0
-4.8619479374	-2.8316942633	2.5485908213	V1
0	1	0	0	0
0.1795475426	-6.7195942633	2.6938908213	V1
0	1	0	0	0
0.8997970626	-7.1515942633	2.5499908213	V1
0	1	0	0	0
1.1878520626	-7.1515942633	2.5500908213	V1
0	1	0	0	0
-2.4132279374	-4.1275942633	2.4051908213	V1
0	1	0	0	0
-1.5488879374	-4.7035942633	2.1173908213	V1
0	1	0	0	0
-1.8370779374	-4.4155942633	2.4052908213	V1
0	1	0	0	0
-1.1167579374	-5.4235942633	2.2614908213	V1
0	1	0	0	0
-2.9892879374	-3.2636942633	1.8289908213	V1
0	1	0	0	0
-1.5489179374	-3.8395942633	1.8293908213	V1
0	1	0	0	0
-2.2690879374	-3.9836942633	1.9731908213	V1
0	1	0	0	0
-2.9892179374	-3.8396942633	1.8289908213	V1
0	1	0	0	0
-3.4213679374	-3.6956942633	1.9728908213	V1
0	1	0	0	0
0.8989160626	3.7927057367	0.8219908213	V1
0	1	0	0	0
-2.4128779374	-3.5516942633	0.9650908213	V1
0	1	0	0	0
-0.2531249374	2.9287057367	0.5336908213	V1
0	1	0	0	0
2.7713020626	4.8008057367	0.3904908213	V1
0	1	0	0	0
0.8989790626	4.6568057367	0.2459908213	V1
0	1	0	0	0
0.7551200626	3.6487057367	0.1018908213	V1
0	1	0	0	0
1.3312120626	4.5128057367	-0.1859091787	V1
0	1	0	0	0
0.8992980626	3.5047057367	-0.3300091787	V1
0	1	0	0	0
0.6112390626	3.5047057367	-0.3301091787	V1
0	1	0	0	0
0.0351430626	2.6406057367	-0.0423091787	V1
0	1	0	0	0
-3.4206379374	-3.9837942633	-0.3312091787	V1
0	1	0	0	0
0.8993840626	3.5047057367	-0.6181091787	V1
0	1	0	0	0
0.8993460626	3.7927057367	-0.6181091787	V1
0	1	0	0	0
0.1791715726	3.6487057367	-0.4742091787	V1
0	1	0	0	0
-2.9885279374	-3.8397942633	-0.4751091787	V1
0	1	0	0	0
-3.4205579374	-3.9837942633	-0.6192091787	V1
0	1	0	0	0
-3.2765079374	-4.4157942633	-0.4752091787	V1
0	1	0	0	0
1.4756720626	3.5047057367	-1.1939091787	V1
0	1	0	0	0
0.8995190626	3.7927057367	-1.1941091787	V1
0	1	0	0	0
0.6117900626	1.2005057367	-1.1942091787	V1
0	1	0	0	0
2.4837320626	5.6648057367	-1.6257091787	V1
0	1	0	0	0
0.1797627926	1.0565057367	-1.3383091787	V1
0	1	0	0	0
-0.1081379374	0.4805057367	-1.6264091787	V1
0	1	0	0	0
-0.1076959374	-2.9756942633	-1.6264091787	V1
0	1	0	0	0
-0.2523899374	1.2005057367	-1.1944091787	V1
0	1	0	0	0
2.6278720626	5.8088057367	-2.0577091787	V1
0	1	0	0	0
1.0436960626	3.6486057367	-1.6261091787	V1
0	1	0	0	0
1.9084020626	0.1925057367	-1.9139091787	V1
0	1	0	0	0
-1.5479079374	-2.9756942633	-1.9148091787	V1
0	1	0	0	0
2.1958120626	5.9528057367	-2.2018091787	V1
0	1	0	0	0
2.4839420626	5.3768057367	-2.2017091787	V1
0	1	0	0	0
2.1958820626	5.3767057367	-2.2018091787	V1
0	1	0	0	0
-0.1078199374	-0.6715942633	-2.2024091787	V1
0	1	0	0	0
-0.1078569374	-0.3835942633	-2.2024091787	V1
0	1	0	0	0
-0.3955489374	-3.2636942633	-2.2025091787	V1
0	1	0	0	0
-0.6836079374	-3.2636942633	-2.2026091787	V1
0	1	0	0	0
2.4839520626	5.9528057367	-2.4897091787	V1
0	1	0	0	0
0.4676270626	5.9527057367	-2.7783091787	V1
0	1	0	0	0
1.6199020626	5.6647057367	-2.7780091787	V1
0	1	0	0	0
0.1807070226	-2.9756942633	-2.7784091787	V1
0	1	0	0	0
-0.1073519374	-2.9756942633	-2.7785091787	V1
0	1	0	0	0
-0.3953619374	-2.6876942633	-3.0666091787	V1
0	1	0	0	0
-0.3953999374	-2.3996942633	-3.0666091787	V1
0	1	0	0	0
0.0368250626	-3.1196942633	-3.2105091787	V1
0	1	0	0	0
0.0367880626	-2.8316942633	-3.2105091787	V1
0	1	0	0	0
-2.2672479374	-4.2718942633	-4.0751091787	V1
0	1	0	0	0
0.4692450626	-2.6876942633	-4.5064091787	V1
0	1	0	0	0
0.1811002126	-2.6876942633	-4.2185091787	V1
0	1	0	0	0
-2.4145679374	-4.4154942633	7.0133908213	V1
0	1	0	0	0
-2.5584079374	-4.2714942633	6.2933908213	V1
0	1	0	0	0
-2.1260279374	-4.1274942633	5.2853908213	V1
0	1	0	0	0
-2.5561879374	-3.4077942633	-1.4831091787	V1
0	1	0	0	0
1.9062420626	5.6649057367	2.9823908213	V1
0	1	0	0	0
1.7621620626	6.3850057367	2.8383908213	V1
0	1	0	0	0
1.3300920626	6.5289057367	2.6942908213	V1
0	1	0	0	0
2.1942620626	5.9530057367	2.9824908213	V1
0	1	0	0	0
1.1861620626	6.0969057367	2.5501908213	V1

97
60
0	0	7	0	0
-1.7030277605	0.3698952626	0.1377010309	I7
0	0	3	0	0
6.1840946205	0.5061905007	-0.8560656357	I3
0	0	3	0	0
-0.9654600462	-1.3382761659	-0.0186656357	I3
0	0	3	0	0
-0.8049573795	-1.4455428326	-0.2930656357	I3
0	0	3	0	0
6.1704912872	0.0178905007	-0.8442656357	I3
0	0	3	0	0
1.9472446205	-0.7592761659	-2.0895323024	I3
0	0	2	0	0
4.6061679538	-0.8608261659	-0.4800989691	I2
0	0	2	0	0
-6.6376620462	-4.3035761659	-0.0884489691	I2
0	0	2	0	0
-6.0360870462	-1.2921761659	-1.5020489691	I2
0	0	1	0	0
-5.5934820462	-1.9184761659	0.8375010309	I1
0	0	1	0	0
5.6741679538	2.7515238341	2.9980010309	I1
0	0	1	0	0
3.8139779538	2.7898238341	1.8010010309	I1
0	0	1	0	0
3.6030179538	3.6899238341	4.0345010309	I1
0	0	1	0	0
3.5128979538	2.8097238341	0.6818010309	I1
0	0	1	0	0
-0.5780630462	-3.0739761659	-2.5726989691	I1
0	0	1	0	0
-2.6090720462	0.9359238341	2.2705010309	I1
0	0	1	0	0
-2.5766920462	-4.3639761659	1.4208010309	I1
0	0	1	0	0
5.9645379538	0.6687238341	1.0937010309	I1
0	0	1	0	0
1.9584679538	2.3099238341	3.7125010309	I1
0	0	1	0	0
-6.5251320462	0.8216238341	0.1223010309	I1
0	0	1	0	0
-0.5269590462	-2.2324761659	0.9921010309	I1
0	0	1	0	0
2.3542379538	-0.3491761659	-2.1352989691	I1
0	0	1	0	0
-0.9330130462	1.4943238341	-1.5062989691	I1
0	0	1	0	0
3.0159179538	-1.0655761659	0.1334010309	I1
0	0	1	0	0
-1.4225420462	5.5449238341	3.0099010309	I1
0	0	1	0	0
-0.2137050462	-2.4978761659	1.0081010309	I1
0	0	1	0	0
-0.9339310462	1.7963238341	-1.3443989691	I1
0	0	1	0	0
0.6610259538	4.5475238341	-0.8827989691	I1
0	0	1	0	0
0.9218879538	4.5198238341	-0.5678989691	I1
0	0	1	0	0
0.7787499538	4.0955238341	-0.9906989691	I1
0	0	1	0	0
5.8491079538	0.3606238341	-0.7479989691	I1
0	0	1	0	0
-0.8655530462	2.5242238341	-1.4216989691	I1
0	0	1	0	0
6.2472679538	-0.0591761659	-1.4055989691	I1
0	0	1	0	0
-0.9592160462	2.0639238341	-1.0080989691	I1
0	0	1	0	0
-0.6865860462	2.5228238341	2.7258010309	I1
0	0	1	0	0
-6.1155620462	-1.6235761659	-1.1341989691	I1
0	0	1	0	0
-5.8142420462	-1.6494761659	-1.4133989691	I1
0	0	1	0	0
3.2226679538	0.4999238341	-0.2109989691	I1
0	0	1	0	0
3.8462879538	1.6674238341	4.1462010309	I1
0	0	1	0	0
-4.2147620462	-0.7838761659	-2.0565989691	I1
0	0	1	0	0
2.6375979538	-2.4699761659	-2.0150989691	I1
0	3	0	0	0
-1.1442420462	-1.2853761659	-0.2676989691	V3
0	2	0	0	0
-5.9702320462	-1.2140261659	-0.2931989691	V2
0	2	0	0	0
4.8341979538	-1.6446261659	-0.1457989691	V2
0	1	0	0	0
5.7707579538	0.1564238341	-0.9382989691	V1
0	1	0	0	0
3.0321379538	3.7583238341	4.3945010309	V1
0	1	0	0	0
2.7445779538	2.6055238341	2.3763010309	V1
0	1	0	0	0
2.3123579538	2.7495238341	2.5203010309	V1
0	1	0	0	0
1.5921279538	4.9106238341	2.0877010309	V1
0	1	0	0	0
3.1767679538	3.6141238341	2.2323010309	V1
0	1	0	0	0
2.6007079538	2.4613238341	1.6555010309	V1
0	1	0	0	0
2.3126479538	3.3258238341	1.3671010309	V1
0	1	0	0	0
2.4566979538	2.0291238341	1.5113010309	V1
0	1	0	0	0
-1.2887120462	-0.2767761659	1.2218010309	V1
0	1	0	0	0
1.7365179538	1.8849238341	1.0786010309	V1
0	1	0	0	0
-3.5934220462	-0.8534761659	0.3562010309	V1
0	1	0	0	0
-4.0256420462	-0.9975761659	0.5002010309	V1
0	1	0	0	0
-3.3053020462	-1.1415761659	0.3563010309	V1
0	1	0	0	0
-7.1949420462	-1.2861761659	0.4993010309	V1
0	1	0	0	0
2.0248479538	2.4612238341	0.2138010309	V1
0	1	0	0	0
-0.8562060462	0.1555238341	-0.0753989691	V1
0	1	0	0	0
1.4487579538	-0.4204761659	-0.0746989691	V1
0	1	0	0	0
-1.1443820462	-0.7089761659	0.2128010309	V1
0	1	0	0	0
-3.4492520462	-0.9974761659	-0.0761989691	V1
0	1	0	0	0
-6.6185620462	-0.7097761659	-0.0770989691	V1
0	1	0	0	0
5.6264679538	-1.4283761659	0.0707010309	V1
0	1	0	0	0
-3.0171020462	-1.4296761659	0.0681010309	V1
0	1	0	0	0
-3.0171020462	-1.1414761659	0.0681010309	V1
0	1	0	0	0
-6.9066620462	-1.5743761659	-0.0771989691	V1
0	1	0	0	0
-5.3219820462	-4.3115761659	0.0673010309	V1
0	1	0	0	0
1.3047479538	2.3170238341	-0.5070989691	V1
0	1	0	0	0
-0.7121000462	-0.2766761659	-0.2194989691	V1
0	1	0	0	0
1.8810479538	-0.5644761659	-0.5069989691	V1
0	1	0	0	0
6.3468679538	-0.9960761659	-0.3615989691	V1
0	1	0	0	0
-3.4491720462	-0.9975761659	-0.3644989691	V1
0	1	0	0	0
7.0671379538	-1.4281761659	-0.2171989691	V1
0	1	0	0	0
5.4825179538	-1.2843761659	-0.3617989691	V1
0	1	0	0	0
-3.3050720462	-1.4297761659	-0.5085989691	V1
0	1	0	0	0
-6.4743820462	-1.1420761659	-0.5094989691	V1
0	1	0	0	0
-6.4744620462	-1.1420761659	-0.2211989691	V1
0	1	0	0	0
-4.6015820462	-4.1674761659	-0.3648989691	V1
0	1	0	0	0
0.7285799538	2.6050238341	-0.7955989691	V1
0	1	0	0	0
1.5930179538	-0.8527761659	-0.7953989691	V1
0	1	0	0	0
1.3048979538	-0.8527761659	-0.7954989691	V1
0	1	0	0	0
-4.4574020462	-4.3114761659	-0.7972989691	V1
0	1	0	0	0
0.0083128138	3.0371238341	-0.9399989691	V1
0	1	0	0	0
6.2028879538	0.5887238341	-0.7939989691	V1
0	1	0	0	0
0.8727399538	-0.1324761659	-0.9397989691	V1
0	1	0	0	0
1.7371879538	-0.7086761659	-1.2277989691	V1
0	1	0	0	0
1.1609479538	-0.7087761659	-1.2279989691	V1
0	1	0	0	0
-3.0167420462	-3.7349761659	-1.0851989691	V1
0	1	0	0	0
0.1525529538	0.0115238341	-1.3723989691	V1
0	1	0	0	0
1.4490679538	-0.7086761659	-1.2278989691	V1
0	1	0	0	0
-3.3047320462	-2.8705761659	-1.6617989691	V1
0	1	0	0	0
0.5848759538	-1.2851761659	-1.8047989691	V1
0	1	0	0	0
0.2969139538	-1.5733761659	-2.3814989691	V1
0	1	0	0	0
-3.4485920462	-3.3028761659	-2.3825989691	V1

107
62
0	0	3	0	0
-0.888819427	-4.2996870717	1.9274364486	I3
0	0	2	0	0
0.0099192396	2.6856629283	-3.2203302181	I2
0	0	2	0	0
6.0111972396	3.8036129283	-2.0936302181	I2
0	0	2	0	0
3.2728172396	2.8017629283	-1.3841302181	I2
0	0	2	0	0
-4.4996627604	-1.2251870717	-0.7773302181	I2
0	0	2	0	0
7.4527922396	1.2396129283	-0.1952802181	I2
0	0	3	0	0
-2.9423060937	-3.036320405	0.9554364486	I3
0	0	2	0	0
-0.2744027604	4.4003129283	0.7735197819	I2
0	0	2	0	0
-3.6861727604	0.0886129283	1.3419197819	I2
0	0	2	0	0
-1.1923427604	-2.5049370717	2.2425697819	I2
0	0	2	0	0
7.8493022396	-0.0761370717	2.6548697819	I2
0	0	2	0	0
-6.1406577604	0.3138129283	2.7496697819	I2
0	0	2	0	0
7.5971222396	-0.3088370717	2.6488697819	I2
0	0	1	0	0
4.6550372396	0.0827129283	-3.1628302181	I1
0	0	1	0	0
1.9244272396	1.0293129283	-2.3620302181	I1
0	0	1	0	0
4.0324972396	0.4528129283	-3.0116302181	I1
0	0	1	0	0
-3.8447527604	-0.1332870717	-1.6568302181	I1
0	0	1	0	0
-1.9747627604	2.0177129283	-1.5408302181	I1
0	0	1	0	0
6.2725772396	-1.5779870717	-1.5366302181	I1
0	0	1	0	0
2.0610572396	4.4515129283	-1.2257302181	I1
0	0	1	0	0
-0.0930777604	3.6640129283	-0.5910302181	I1
0	0	1	0	0
3.8674772396	0.5976129283	-0.5795302181	I1
0	0	1	0	0
6.8690972396	-4.4525870717	-0.4304302181	I1
0	0	1	0	0
-3.1044927604	-5.3001870717	-0.2752302181	I1
0	0	1	0	0
1.8148612396	-0.4138870717	0.2741697819	I1
0	0	1	0	0
7.9127472396	-4.8800870717	0.3068697819	I1
0	0	1	0	0
2.9173272396	3.8461129283	0.9852697819	I1
0	0	1	0	0
-0.3938927604	2.3143129283	-3.1426302181	I1
0	0	1	0	0
2.8435472396	1.8778129283	-3.3752302181	I1
0	0	1	0	0
-0.3790027604	2.6078129283	-3.3944302181	I1
0	0	1	0	0
6.2131772396	0.8733129283	-3.5722302181	I1
0	0	1	0	0
1.7664842396	5.0280129283	-3.5974302181	I1
0	0	1	0	0
-1.5299727604	4.8714129283	-3.9732102181	I1
0	0	1	0	0
0.3524782396	1.4308129283	-4.4011602181	I1
0	0	1	0	0
-0.1913127604	2.4522129283	-4.7645702181	I1
0	0	1	0	0
-3.6895927604	0.3294129283	1.5777697819	I1
0	0	1	0	0
2.5678172396	-1.1363870717	1.5878697819	I1
0	0	1	0	0
-0.8403727604	-4.2122870717	1.5976697819	I1
0	0	1	0	0
-1.2443827604	-4.5940870717	1.9300697819	I1
0	0	1	0	0
6.1281372396	-1.5722870717	1.9425697819	I1
0	0	1	0	0
-4.2543327604	-3.5803870717	2.0316697819	I1
0	0	1	0	0
7.9869172396	-0.4634870717	2.4199697819	I1
0	0	1	0	0
0.9010214396	-2.5010870717	2.4345697819	I1
0	0	1	0	0
-4.1160627604	-3.1546870717	2.4519697819	I1
0	0	1	0	0
-2.5303127604	6.9216129283	2.5036697819	I1
0	0	1	0	0
7.5634272396	0.2119129283	2.5943697819	I1
0	0	1	0	0
3.7716272396	2.4394129283	2.4354697819	I1
0	2	0	0	0
4.6592922396	2.3041629283	-1.5826802181	V2
0	2	0	0	0
-5.2819277604	-2.1648370717	1.1533197819	V2
0	1	0	0	0
0.5539892396	2.3754129283	-2.9527302181	V1
0	1	0	0	0
5.0198372396	1.6557129283	-2.8076302181	V1
0	1	0	0	0
0.2657612396	1.5107129283	-2.6645302181	V1
0	1	0	0	0
0.8420113996	1.7990129283	-2.6644302181	V1
0	1	0	0	0
-2.3274927604	-1.9482870717	-2.3769302181	V1
0	1	0	0	0
5.0196472396	1.6557129283	-2.2311302181	V1
0	1	0	0	0
5.0196572396	2.2322129283	-2.2311302181	V1
0	1	0	0	0
5.5957872396	0.7912129283	-1.9427302181	V1
0	1	0	0	0
5.1636572396	1.2234129283	-2.0869302181	V1
0	1	0	0	0
0.5535162396	2.6637129283	-1.5115302181	V1
0	1	0	0	0
1.4178742396	1.7992129283	-1.5113302181	V1
0	1	0	0	0
1.1296572396	2.0874129283	-1.2231302181	V1
0	1	0	0	0
0.1212682396	1.6549129283	-1.3675302181	V1
0	1	0	0	0
-1.3194727604	-0.3628870717	-1.0796302181	V1
0	1	0	0	0
0.9855542396	2.5197129283	-1.0791302181	V1
0	1	0	0	0
1.2736762396	2.5197129283	-1.0790302181	V1
0	1	0	0	0
1.4175872396	1.7992129283	-0.6466302181	V1
0	1	0	0	0
1.4176042396	3.2403129283	-0.6466302181	V1
0	1	0	0	0
0.4091922396	1.0785129283	-0.7910302181	V1
0	1	0	0	0
1.5617902396	1.6551129283	-1.0789302181	V1
0	1	0	0	0
1.5616062396	2.2316129283	-0.5025302181	V1
0	1	0	0	0
-1.3196327604	1.6546129283	-0.5031302181	V1
0	1	0	0	0
-0.3112727604	0.0696129283	-0.3588302181	V1
0	1	0	0	0
1.2733892396	2.5197129283	-0.2143302181	V1
0	1	0	0	0
-3.1926227604	-1.9483870717	-0.0712302181	V1
0	1	0	0	0
1.4173972396	2.0875129283	-0.0701302181	V1
0	1	0	0	0
1.1292752396	2.0874129283	-0.0702302181	V1
0	1	0	0	0
-4.6333327604	-1.6603870717	0.2166697819	V1
0	1	0	0	0
-1.1758327604	-0.2186870717	0.2174697819	V1
0	1	0	0	0
-0.8877127604	-0.2185870717	0.2175697819	V1
0	1	0	0	0
-3.6249527604	-1.5160870717	0.3609697819	V1
0	1	0	0	0
-4.7774527604	-2.0926870717	0.3607697819	V1
0	1	0	0	0
-1.7521827604	-0.7951870717	0.5055697819	V1
0	1	0	0	0
1.2731112396	3.0962129283	0.6503697819	V1
0	1	0	0	0
-5.7860227604	-2.5251870717	0.7928697819	V1
0	1	0	0	0
-5.6420027604	-2.0928870717	0.9370697819	V1
0	1	0	0	0
0.5540782396	1.7990129283	-3.2409302181	V1
0	1	0	0	0
-5.6421027604	-2.3810870717	1.2252697819	V1
0	1	0	0	0
-5.6421027604	-2.0928870717	1.2252697819	V1
0	1	0	0	0
-2.4728427604	-1.8040870717	1.5142697819	V1
0	1	0	0	0
-5.0658527604	-1.5162870717	1.2253697819	V1
0	1	0	0	0
-5.2100327604	0.0688129283	1.6577697819	V1
0	1	0	0	0
-5.2100327604	0.3570129283	1.6577697819	V1
0	1	0	0	0
-2.3288427604	-2.5245870717	1.6583697819	V1
0	1	0	0	0
-2.9051827604	-2.5246870717	1.9464697819	V1
0	1	0	0	0
-2.3289427604	-2.8127870717	1.9465697819	V1
0	1	0	0	0
-0.8883427604	-4.5417870717	1.9469697819	V1
0	1	0	0	0
-5.4983427604	0.6452129283	2.2341697819	V1
0	1	0	0	0
-2.0410027604	-2.2362870717	2.5231697819	V1
0	1	0	0	0
-1.8969027604	-3.5331870717	2.3790697819	V1
0	1	0	0	0
-2.3292327604	-3.3891870717	2.8112697819	V1
0	1	0	0	0
-2.6173627604	-3.6773870717	2.8112697819	V1
0	1	0	0	0
-6.3629127604	-0.2195870717	2.8103697819	V1
0	1	0	0	0
-2.6172627604	-3.6773870717	2.5229697819	V1
0	1	0	0	0
-2.1852327604	-4.3978870717	2.9554697819	V1
0	1	0	0	0
-2.6174627604	-3.9655870717	3.0994697819	V1
0	1	0	0	0
-2.3293327604	-3.9655870717	3.0995697819	V1
0	1	0	0	0
-6.2191827604	0.2128129283	3.8192697819	V1

93
56
0	0	7	0	0
0.3506110066	3.6598176779	1.7113551408	I7
0	0	3	0	0
-1.4687070886	-1.1377013697	1.8848170456	I3
0	0	2	0	0
-2.384110422	2.4206319636	1.9599837122	I2
0	0	2	0	0
-0.991510422	-5.0173180364	1.9507837122	I2
0	0	2	0	0
5.627804578	-1.0139180364	0.5166837122	I2
0	0	2	0	0
-0.538370422	1.3983819636	-1.3270662878	I2
0	0	2	0	0
0.475634578	3.4523319636	1.5225837122	I2
0	0	2	0	0
2.603064578	3.4379819636	-1.3071662878	I2
0	0	1	0	0
-4.631850422	-1.4194680364	1.6064837122	I1
0	0	1	0	0
-4.758550422	-3.5041680364	-0.6330162878	I1
0	0	1	0	0
-4.327830422	-3.0981680364	0.1818837122	I1
0	0	1	0	0
-4.350470422	-0.2168680364	1.8807837122	I1
0	0	1	0	0
-4.353430422	3.9211319636	0.0934837122	I1
0	0	1	0	0
-4.196720422	-1.9334680364	-1.6952162878	I1
0	0	1	0	0
-4.195160422	-0.0824680364	2.2943837122	I1
0	0	1	0	0
-3.190770422	1.2476319636	-1.3820162878	I1
0	0	1	0	0
-2.620940422	1.8079319636	4.1444837122	I1
0	0	1	0	0
-2.044540422	0.3662319636	1.8723837122	I1
0	0	1	0	0
-2.036740422	-1.7611680364	1.4545837122	I1
0	0	1	0	0
-1.607340422	-2.3717680364	-1.7270162878	I1
0	0	1	0	0
5.609139578	-0.9246680364	-3.1115162878	I1
0	0	1	0	0
5.568269578	-1.2203680364	0.9945837122	I1
0	0	1	0	0
-5.329720422	-4.8226680364	-1.0814162878	I1
0	0	1	0	0
-0.892130422	5.6683319636	-1.5953162878	I1
0	0	1	0	0
-0.596720422	1.7775319636	0.9022837122	I1
0	0	1	0	0
-0.112510422	4.3509319636	-3.2572162878	I1
0	0	1	0	0
-0.052800422	0.2459319636	3.0669837122	I1
0	0	1	0	0
-0.453060422	1.9169319636	1.3135837122	I1
0	0	1	0	0
-0.611690422	2.0618319636	-3.6103162878	I1
0	0	1	0	0
0.377259578	2.9490319636	-4.5656562878	I1
0	0	1	0	0
-0.185240422	1.9243319636	1.0384837122	I1
0	0	1	0	0
0.519509578	2.6479319636	-1.8725162878	I1
0	0	1	0	0
0.835129578	-2.9261680364	-1.4552162878	I1
0	0	1	0	0
1.379678578	-6.3068680364	1.3181837122	I1
0	0	1	0	0
1.541643578	-0.6583680364	-2.6499162878	I1
0	0	1	0	0
1.542986578	-0.3777680364	-2.9718162878	I1
0	0	1	0	0
4.693809578	-2.1461680364	2.1517837122	I1
0	0	1	0	0
3.319049578	2.0512319636	-2.8015162878	I1
0	0	1	0	0
2.519607578	0.9423319636	2.9082837122	I1
0	0	1	0	0
2.377726578	-4.6013680364	0.1798837122	I1
0	0	1	0	0
2.683048578	5.2400319636	0.1030837122	I1
0	0	1	0	0
2.646814578	1.1497319636	2.6073837122	I1
0	4	0	0	0
2.908242078	-0.1469430364	-1.0470162878	V4
0	2	0	0	0
-0.331195422	0.7882319636	0.3196837122	V2
0	2	0	0	0
1.540343578	3.9552819636	-0.5437662878	V2
0	1	0	0	0
-4.146170422	-2.7389680364	1.3985837122	V1
0	1	0	0	0
-2.418270422	-3.0265680364	-0.0405162878	V1
0	1	0	0	0
-1.986940422	-3.4583680364	1.8310837122	V1
0	1	0	0	0
-1.699250422	3.4509319636	1.5428837122	V1
0	1	0	0	0
-1.699060422	-2.8825680364	1.8311837122	V1
0	1	0	0	0
-1.698780422	-3.4582680364	0.9673837122	V1
0	1	0	0	0
-1.554550422	-2.7385680364	-0.0403162878	V1
0	1	0	0	0
-1.698410422	-4.0340680364	-0.1842162878	V1
0	1	0	0	0
-1.266950422	0.4282319636	0.5353837122	V1
0	1	0	0	0
-1.266700422	-1.2990680364	-0.0403162878	V1
0	1	0	0	0
-1.266550422	-0.7232680364	-0.6162162878	V1
0	1	0	0	0
-1.266420422	-1.8748680364	-0.9040162878	V1
0	1	0	0	0
-1.266260422	-3.6021680364	-1.1919162878	V1
0	1	0	0	0
-1.267600422	-0.4354680364	2.8388837122	V1
0	1	0	0	0
-1.123660422	2.8752319636	2.4067837122	V1
0	1	0	0	0
-1.122670422	-2.0187680364	-0.1842162878	V1
0	1	0	0	0
-1.122660422	-2.3066680364	-0.1842162878	V1
0	1	0	0	0
-0.978340422	-1.8747680364	-1.4798162878	V1
0	1	0	0	0
-0.977980422	-2.1626680364	-2.6315162878	V1
0	1	0	0	0
-0.979350422	1.5798319636	1.3991837122	V1
0	1	0	0	0
-0.834700422	-1.4429680364	-0.4721162878	V1
0	1	0	0	0
-0.690820422	-0.7231680364	-0.3281162878	V1
0	1	0	0	0
-0.690720422	-1.0110680364	-0.6160162878	V1
0	1	0	0	0
-0.690550422	-3.0262680364	-0.9038162878	V1
0	1	0	0	0
-0.690350422	-1.5868680364	-1.7677162878	V1
0	1	0	0	0
-0.691630422	0.1403319636	2.2630837122	V1
0	1	0	0	0
0.028559578	1.4360319636	0.6796837122	V1
0	1	0	0	0
0.027779578	1.4359319636	3.2709837122	V1
0	1	0	0	0
0.172669578	0.7163319636	0.2478837122	V1
0	1	0	0	0
0.460519578	0.1405319636	0.5358837122	V1
0	1	0	0	0
0.459689578	1.5799319636	3.1270837122	V1
0	1	0	0	0
0.891589578	1.7239319636	2.9832837122	V1
0	1	0	0	0
1.180026578	3.4513319636	0.9677837122	V1
0	1	0	0	0
1.180037578	3.1634319636	0.9677837122	V1
0	1	0	0	0
1.325211578	3.8833319636	-3.2070162878	V1
0	1	0	0	0
1.468785578	-0.2910680364	-1.3353162878	V1
0	1	0	0	0
1.756127578	0.8604319636	0.3922837122	V1
0	1	0	0	0
1.756486578	4.6030319636	-1.3355162878	V1
0	1	0	0	0
4.059889578	-0.2907680364	-1.0466162878	V1
0	1	0	0	0
3.915999578	-0.7225680364	-1.1906162878	V1
0	1	0	0	0
3.628059578	-0.1468680364	-1.1907162878	V1
0	1	0	0	0
3.627969578	-0.1468680364	-0.9028162878	V1
0	1	0	0	0
3.484229578	-0.0028680364	-1.6227162878	V1
0	1	0	0	0
3.196379578	-1.4423680364	-1.6227162878	V1
0	1	0	0	0
3.052129578	0.4288319636	-0.9030162878	V1
0	1	0	0	0
2.764318578	0.1409319636	-1.1910162878	V1
0	1	0	0	0
1.901116918	3.8834319636	-3.4948162878	V1
0	1	0	0	0
1.900514218	-0.1470680364	-0.9033162878	V1
